0| |AQUAFINA 1.25 PINT| |0121590| | | | | | |1.00|PRICE|.00| |.00| |.00| |.00| |.00| | |0|0|.00| | |0|0|.00| | |0|0|.00| | |0|0| | |0|0|0|0|GM|7|070|701|0|0|0|0|0|0| |0|0| |0|0| |0| | | | | | | | | | | | | | | | | | | | | | | | | | | | | | | | | | | | | | | | | | | | | | | | | | 
0| |AQUAFINA| |0124590| | | | | | |1.00|PRICE|.00| |.00| |.00| |.00| |.00| | |0|0|.00| | |0|0|.00| | |0|0|.00| | |0|0| | |0|0|0|0|GM|7|070|701|0|0|0|0|0|0| |0|0| |0|0| |0| | | | | | | | | | | | | | | | | | | | | | | | | | | | | | | | | | | | | | | | | | | | | | | | | | 
0| |LABEL TAPE - DYMO| |01558688888| | |ACME| | | |8.99|PRICE|.00| |.00| |.00| |.00| |.00| | |0|0|.00| | |0|0|.00| | |0|0|.00| | |0|0| | |0|0|0|0|GM|4|046|245|0|0|0|0|0|0| |0|0| |0|0| |0| | | | | | | | | | | | | | | | | | | | | | | | | | | | | | | | | | | | | | | | | | | | | | | | | | 
0| |POST IT PAGEMAKERS| |02120059438| | | | | | |3.49|PRICE|.00| |.00| |.00| |.00| |.00| | |0|0|.00| | |0|0|.00| | |0|0|.00| | |0|0| | |0|0|0|0|GM|4|046|245|0|0|0|0|0|0| |0|0| |0|0| |0| | | | | | | | | | | | | | | | | | | | | | | | | | | | | | | | | | | | | | | | | | | | | | | | | | 
0| |POST-ITS| |02120066348| | | | | | |.99|PRICE|.00| |.00| |.00| |.00| |.00| | |0|0|.00| | |0|0|.00| | |0|0|.00| | |0|0| | |0|0|0|0|GM|4|046|245|0|0|0|0|0|0| |0|0| |0|0| |0| | | | | | | | | | | | | | | | | | | | | | | | | | | | | | | | | | | | | | | | | | | | | | | | | | 
0| |SHARPE 4 PACK - BLACK| |02658941236| | | | | | |4.00|PRICE|.00| |.00| |.00| |.00| |.00| | |0|0|.00| | |0|0|.00| | |0|0|.00| | |0|0| | |0|0|0|0|GM|4|046|245|0|0|0|0|0|0| |0|0| |0|0| |0| | | | | | | | | | | | | | | | | | | | | | | | | | | | | | | | | | | | | | | | | | | | | | | | | | 
0| |PLANTERS - NUTRITION|BONE HEALTH MIX|02900001520| | |ACME| | | |4.58|PRICE|.00| |.00| |.00| |.00| |.00| | |0|0|.00| | |0|0|.00| | |0|0|.00| | |0|0| | |0|0|0|0|GM|7|070|701|0|0|0|0|0|0| |0|0| |0|0| |0| | | | | | | | | | | | | | | | | | | | | | | | | | | | | | | | | | | | | | | | | | | | | | | | | | 
0| |AAA BATERIES - ENERGIZER|4 PACK|03980002311| | | | | | |3.00|PRICE|.00| |.00| |.00| |.00| |.00| | |0|0|.00| | |0|0|.00| | |0|0|.00| | |0|0| | |0|0|0|0|GM|4|046|245|0|0|0|0|0|0| |0|0| |0|0| |0| | | | | | | | | | | | | | | | | | | | | | | | | | | | | | | | | | | | | | | | | | | | | | | | | | 
0| |50 SHEETS NOTEBOOK PAPER| |04310015111| |TESTMODEL| | | | |.99|PRICE|.00| |.00| |.00| |.00| |.00| | |0|0|.00| | |0|0|.00| | |0|0|.00| | |0|0| | |0|0|0|0|GM|4|046|245|0|0|0|0|0|0| |0|0| |0|0| |0| | | | | | | | | | | | | | | | | | | | | | | | | | | | | | | | | | | | | | | | | | | | | | | | | | 
0| |BINDERS-ROUND RING 1"| |05036211309| | | | | | |1.99|PRICE|.00| |.00| |.00| |.00| |.00| | |0|0|.00| | |0|0|.00| | |0|0|.00| | |0|0| | |0|0|0|0|GM|4|046|245|0|0|0|0|0|0| |0|0| |0|0| |0| | | | | | | | | | | | | | | | | | | | | | | | | | | | | | | | | | | | | | | | | | | | | | | | | | 
0| |ALTOIDS| |05928000020| | | | | | |2.49|PRICE|.00| |.00| |.00| |.00| |.00| | |0|0|.00| | |0|0|.00| | |0|0|.00| | |0|0| | |0|0|0|0|GM|7|070|701|0|0|0|0|0|0| |0|0| |0|0| |0| | | | | | | | | | | | | | | | | | | | | | | | | | | | | | | | | | | | | | | | | | | | | | | | | | 
0| |100 INDEX CARDS| |07063020600| | | | | | |1.99|PRICE|.00| |.00| |.00| |.00| |.00| | |0|0|.00| | |0|0|.00| | |0|0|.00| | |0|0| | |0|0|0|0|GM|4|046|245|0|0|0|0|0|0| |0|0| |0|0| |0| | | | | | | | | | | | | | | | | | | | | | | | | | | | | | | | | | | | | | | | | | | | | | | | | | 
0| |ERASER PENTEL| |07251280016| | | | | | |.00|PRICE|.00| |.00| |.00| |.00| |.00| | |0|0|.00| | |0|0|.00| | |0|0|.00| | |0|0| | |0|0|0|0|GM|3|030|301|0|0|0|0|0|0| |0|0| |0|0| |0| | | | | | | | | | | | | | | | | | | | | | | | | | | | | | | | | | | | | | | | | | | | | | | | | | 
0| |GENERIC IBUPROFEN| |07545029569| | | | | | |5.49|PRICE|.00| |.00| |.00| |.00| |.00| | |0|0|.00| | |0|0|.00| | |0|0|.00| | |0|0| | |0|0|0|0|GM|4|046|245|0|0|0|0|0|0| |0|0| |0|0| |0| | | | | | | | | | | | | | | | | | | | | | | | | | | | | | | | | | | | | | | | | | | | | | | | | | 
0| |CANDY BAR| |07674007529| | | | | | |2.59|PRICE|.00| |.00| |.00| |.00| |.00| | |0|0|.00| | |0|0|.00| | |0|0|.00| | |0|0| | |0|0|0|0|GM|7|070|701|0|0|0|0|0|0| |0|0| |0|0| |0| | | | | | | | | | | | | | | | | | | | | | | | | | | | | | | | | | | | | | | | | | | | | | | | | | 
0| |KENSINGTON KEYBOARD| |08589664370| |KA-796|ACME| | | |14.49|PRICE|.00| |.00| |.00| |.00| |.00| | |0|0|.00| | |0|0|.00| | |0|0|.00| | |0|0| | |0|0|0|0|GM|3|030|202|0|0|0|0|0|0| |0|0| |0|0| |0| | | | | | | | | | | | | | | | | | | | | | | | | | | | | | | | | | | | | | | | | | | | | | | | | | 
0| |ACER 17 INCH FLAT PANEL| |09980223939| | |ACME| | | |134.99|PRICE|.00| |.00| |.00| |.00| |.00| | |0|0|.00| | |0|0|.00| | |0|0|.00| | |0|0| | |0|0|0|0|GM|3|030|202|0|0|0|0|0|0| |0|0| |0|0| |0| | | | | | | | | | | | | | | | | | | | | | | | | | | | | | | | | | | | | | | | | | | | | | | | | | 
0| |FLAGGS FLOP| |2000007| | |ACME| | | |1.00|PRICE|.00| |.00| |.00| |.00| |.00| | |0|0|.00| | |0|0|.00| | |0|0|.00| | |0|0| | |0|0|0|0|GM|1|010|160|0|0|0|0|0|0| |0|0| |0|0| |0| | | | | | | | | | | | | | | | | | | | | | | | | | | | | | | | | | | | | | | | | | | | | | | | | | 
0| |CORDLESS MOUSE OPTICAL| |2000011| |R3EW12|ACME| | | |9.05|PRICE|.00| |.00| |.00| |.00| |.00| | |0|0|.00| | |0|0|.00| | |0|0|.00| | |0|0| | |0|0|0|0|GM|3|030|202|0|0|0|0|0|0| |0|0| |0|0| |0| | | | | | | | | | | | | | | | | | | | | | | | | | | | | | | | | | | | | | | | | | | | | | | | | | 
0| |TURBO TAX| |2000012| |TAX234|ACME| | | |50.10|PRICE|.00| |.00| |.00| |.00| |.00| | |0|0|.00| | |0|0|.00| | |0|0|.00| | |0|0| | |0|0|0|0|GM|4|046|245|0|0|0|0|0|0| |0|0| |0|0| |0| | | | | | | | | | | | | | | | | | | | | | | | | | | | | | | | | | | | | | | | | | | | | | | | | | 
0| |CD - BRAD PAISLEY| |2000014| |COUNTRY| | | | |9.50|PRICE|.00| |.00| |.00| |.00| |.00| | |0|0|.00| | |0|0|.00| | |0|0|.00| | |0|0| | |0|0|0|0|GM|2|020|213|0|0|0|0|0|0| |0|0| |0|0| |0| | | | | | | | | | | | | | | | | | | | | | | | | | | | | | | | | | | | | | | | | | | | | | | | | | 
0| |GREEN HIGHLIGHTER| |2000015| | | | | | |2.00|PRICE|.00| |.00| |.00| |.00| |.00| | |0|0|.00| | |0|0|.00| | |0|0|.00| | |0|0| | |0|0|0|0|GM|3|030|301|0|0|0|0|0|0| |0|0| |0|0| |0| | | | | | | | | | | | | | | | | | | | | | | | | | | | | | | | | | | | | | | | | | | | | | | | | | 
0| |ACME BABY JAMMIES| |2000049| | | | | | |16.99|PRICE|.00| |.00| |.00| |.00| |.00| | |0|0|.00| | |0|0|.00| | |0|0|.00| | |0|0| | |0|0|0|0|GM|5|052|521|0|0|0|0|0|0| |0|0| |0|0| |0| | | | | | | | | | | | | | | | | | | | | | | | | | | | | | | | | | | | | | | | | | | | | | | | | | 
0| |CRT 17 INCH MONITOR| |2000119| | |ACME| | | |164.99|PRICE|.00| |.00| |.00| |.00| |.00| | |0|0|.00| | |0|0|.00| | |0|0|.00| | |0|0| | |0|0|0|0|GM|3|030|202|0|0|0|0|0|0| |0|0| |0|0| |0| | | | | | | | | | | | | | | | | | | | | | | | | | | | | | | | | | | | | | | | | | | | | | | | | | 
0| |NOTEBOOK PAPER WIDE| |2000127| | |ACME| | | |.99|PRICE|.00| |.00| |.00| |.00| |.00| | |0|0|.00| | |0|0|.00| | |0|0|.00| | |0|0| | |0|0|0|0|GM|4|046|245|0|0|0|0|0|0| |0|0| |0|0| |0| | | | | | | | | | | | | | | | | | | | | | | | | | | | | | | | | | | | | | | | | | | | | | | | | | 
0| |CARRY ON BAG| |2000157| | |ACME| | | |40.00|PRICE|.00| |.00| |.00| |.00| |.00| | |0|0|.00| | |0|0|.00| | |0|0|.00| | |0|0| | |0|0|0|0|GM|1|010|160|0|0|0|0|0|0| |0|0| |0|0| |0| | | | | | | | | | | | | | | | | | | | | | | | | | | | | | | | | | | | | | | | | | | | | | | | | | 
0| |I MAC ALL-IN-ONE| |2000159| | |APPLE| | | |1000.00|PRICE|.00| |.00| |.00| |.00| |.00| | |0|0|.00| | |0|0|.00| | |0|0|.00| | |0|0| | |0|0|0|0|GM|2|210|222|0|0|0|0|0|0| |0|0| |0|0| |0| | | | | | | | | | | | | | | | | | | | | | | | | | | | | | | | | | | | | | | | | | | | | | | | | | 
0| |NOTEBOOK PAPER COLLEGE| |2000166| | |ACME| | | |.99|PRICE|.00| |.00| |.00| |.00| |.00| | |0|0|.00| | |0|0|.00| | |0|0|.00| | |0|0| | |0|0|0|0|GM|4|046|245|0|0|0|0|0|0| |0|0| |0|0| |0| | | | | | | | | | | | | | | | | | | | | | | | | | | | | | | | | | | | | | | | | | | | | | | | | | 
0| |SPEAKERS| |2000167| |108|ABC CL| | | |14.98|PRICE|.00| |.00| |.00| |.00| |.00| | |0|0|.00| | |0|0|.00| | |0|0|.00| | |0|0| | |0|0|0|0|GM|3|030|202|0|0|0|0|0|0| |0|0| |0|0| |0| | | | | | | | | | | | | | | | | | | | | | | | | | | | | | | | | | | | | | | | | | | | | | | | | | 
0| |SCANNER - HP| |2000169| | |ACME| | | |113.49|PRICE|.00| |.00| |.00| |.00| |.00| | |0|0|.00| | |0|0|.00| | |0|0|.00| | |0|0| | |0|0|0|0|GM|3|030|202|0|0|0|0|0|0| |0|0| |0|0| |0| | | | | | | | | | | | | | | | | | | | | | | | | | | | | | | | | | | | | | | | | | | | | | | | | | 
0| |FISH FOOD| |2000178| | | | | | |2.50|PRICE|.00| |.00| |.00| |.00| |.00| | |0|0|.00| | |0|0|.00| | |0|0|.00| | |0|0| | |0|0|0|0|GM|1|010|160|0|0|0|0|0|0| |0|0| |0|0| |0| | | | | | | | | | | | | | | | | | | | | | | | | | | | | | | | | | | | | | | | | | | | | | | | | | 
0| |MBS SHOW-ME BBQ| |2000198| | | | | | |3.00|PRICE|.00| |.00| |.00| |.00| |.00| | |0|0|.00| | |0|0|.00| | |0|0|.00| | |0|0| | |0|0|0|0|GM|3|030|260|0|0|0|0|0|0| |0|0| |0|0| |0| | | | | | | | | | | | | | | | | | | | | | | | | | | | | | | | | | | | | | | | | | | | | | | | | | 
0| |IMB THINKPAD BATTERY| |2000215| | | | | | |18.99|PRICE|.00| |.00| |.00| |.00| |.00| | |0|0|.00| | |0|0|.00| | |0|0|.00| | |0|0| | |0|0|0|0|GM|3|030|202|0|0|0|0|0|0| |0|0| |0|0| |0| | | | | | | | | | | | | | | | | | | | | | | | | | | | | | | | | | | | | | | | | | | | | | | | | | 
0| |IPHONE - 8GB| |2000219| | | | | | |224.99|PRICE|.00| |.00| |.00| |.00| |.00| | |0|0|.00| | |0|0|.00| | |0|0|.00| | |0|0| | |0|0|0|0|GM|2|210|222|0|0|0|0|0|0| |0|0| |0|0| |0| | | | | | | | | | | | | | | | | | | | | | | | | | | | | | | | | | | | | | | | | | | | | | | | | | 
0| |IPHONE - 3G| |2000220| | | | | | |280.99|PRICE|.00| |.00| |.00| |.00| |.00| | |0|0|.00| | |0|0|.00| | |0|0|.00| | |0|0| | |0|0|0|0|GM|2|210|222|0|0|0|0|0|0| |0|0| |0|0| |0| | | | | | | | | | | | | | | | | | | | | | | | | | | | | | | | | | | | | | | | | | | | | | | | | | 
0| |IPHONE - 8GB - WHITE| |2000251| | | | | | |199.99|PRICE|.00| |.00| |.00| |.00| |.00| | |0|0|.00| | |0|0|.00| | |0|0|.00| | |0|0| | |0|0|0|0|GM|2|210|222|0|0|0|0|0|0| |0|0| |0|0| |0| | | | | | | | | | | | | | | | | | | | | | | | | | | | | | | | | | | | | | | | | | | | | | | | | | 
0| |ACER FLAT SCREEN| |2000253| | |ACME| | | |128.49|PRICE|.00| |.00| |.00| |.00| |.00| | |0|0|.00| | |0|0|.00| | |0|0|.00| | |0|0| | |0|0|0|0|GM|3|030|202|0|0|0|0|0|0| |0|0| |0|0| |0| | | | | | | | | | | | | | | | | | | | | | | | | | | | | | | | | | | | | | | | | | | | | | | | | | 
0| |ANOTHER SSH ITEM| |2000255| | | | | | |15.00|PRICE|.00| |.00| |.00| |.00| |.00| | |0|0|.00| | |0|0|.00| | |0|0|.00| | |0|0| | |0|0|0|0|GM|1|010|160|0|0|0|0|0|0| |0|0| |0|0| |0| | | | | | | | | | | | | | | | | | | | | | | | | | | | | | | | | | | | | | | | | | | | | | | | | | 
0| |KAYAK SKIRT| |2000264| | | | | | |35.00|PRICE|.00| |.00| |.00| |.00| |.00| | |0|0|.00| | |0|0|.00| | |0|0|.00| | |0|0| | |0|0|0|0|GM|1|010|160|0|0|0|0|0|0| |0|0| |0|0| |0| | | | | | | | | | | | | | | | | | | | | | | | | | | | | | | | | | | | | | | | | | | | | | | | | | 
0| |DAILY PLANNER| |2000273| | | | | | |2.99|PRICE|.00| |.00| |.00| |.00| |.00| | |0|0|.00| | |0|0|.00| | |0|0|.00| | |0|0| | |0|0|0|0|GM|4|046|245|0|0|0|0|0|0| |0|0| |0|0| |0| | | | | | | | | | | | | | | | | | | | | | | | | | | | | | | | | | | | | | | | | | | | | | | | | | 
0| |CANDY BRACELET| |2000290| | | | | | |3.00|PRICE|.00| |.00| |.00| |.00| |.00| | |0|0|.00| | |0|0|.00| | |0|0|.00| | |0|0| | |0|0|0|0|GM|7|070|701|0|0|0|0|0|0| |0|0| |0|0| |0| | | | | | | | | | | | | | | | | | | | | | | | | | | | | | | | | | | | | | | | | | | | | | | | | | 
0| |SOMETHING COOL| |2000314| | |ACME| | | |46.52|PRICE|.00| |.00| |.00| |.00| |.00| | |0|0|.00| | |0|0|.00| | |0|0|.00| | |0|0| | |0|0|0|0|GM|1|010|160|0|0|0|0|0|0| |0|0| |0|0| |0| | | | | | | | | | | | | | | | | | | | | | | | | | | | | | | | | | | | | | | | | | | | | | | | | | 
0| |FLAMETHROWER| |2000363| | | | | | |50.00|PRICE|.00| |.00| |.00| |.00| |.00| | |0|0|.00| | |0|0|.00| | |0|0|.00| | |0|0| | |0|0|0|0|GM|1|010|160|0|0|0|0|0|0| |0|0| |0|0| |0| | | | | | | | | | | | | | | | | | | | | | | | | | | | | | | | | | | | | | | | | | | | | | | | | | 
0| |CRAYONS - BOX| |2000395| | | | | | |2.49|PRICE|.00| |.00| |.00| |.00| |.00| | |0|0|.00| | |0|0|.00| | |0|0|.00| | |0|0| | |0|0|0|0|GM|4|046|245|0|0|0|0|0|0| |0|0| |0|0| |0| | | | | | | | | | | | | | | | | | | | | | | | | | | | | | | | | | | | | | | | | | | | | | | | | | 
0| |CRAYON - EACH| |2000396| | |ACME| | | |.99|PRICE|.00| |.00| |.00| |.00| |.00| | |0|0|.00| | |0|0|.00| | |0|0|.00| | |0|0| | |0|0|0|0|GM|4|046|245|0|0|0|0|0|0| |0|0| |0|0| |0| | | | | | | | | | | | | | | | | | | | | | | | | | | | | | | | | | | | | | | | | | | | | | | | | | 
0| |RENTAL-TI450OR|SCIENTIFIC CALCULATOR|2000399| | |ACME| | | |119.49|PRICE|.00| |.00| |.00| |.00| |.00| | |0|0|.00| | |0|0|.00| | |0|0|.00| | |0|0| | |0|0|0|0|GM|4|046|245|0|0|0|0|0|0| |0|0| |0|0| |0| | | | | | | | | | | | | | | | | | | | | | | | | | | | | | | | | | | | | | | | | | | | | | | | | | 
0| |I PHONE - 8GB WHITE| |2000401| | |MBS| | | |158.49|PRICE|.00| |.00| |.00| |.00| |.00| | |0|0|.00| | |0|0|.00| | |0|0|.00| | |0|0| | |0|0|0|0|GM|4|046|245|0|0|0|0|0|0| |0|0| |0|0| |0| | | | | | | | | | | | | | | | | | | | | | | | | | | | | | | | | | | | | | | | | | | | | | | | | | 
0| |MARANTZ CONSOLE TV| |2000403| | |MBS| | | |269.99|PRICE|.00| |.00| |.00| |.00| |.00| | |0|0|.00| | |0|0|.00| | |0|0|.00| | |0|0| | |0|0|0|0|GM|4|046|245|0|0|0|0|0|0| |0|0| |0|0| |0| | | | | | | | | | | | | | | | | | | | | | | | | | | | | | | | | | | | | | | | | | | | | | | | | | 
0| |PHONE - CELL| |2000412| | | | | | |38.49|PRICE|.00| |.00| |.00| |.00| |.00| | |0|0|.00| | |0|0|.00| | |0|0|.00| | |0|0| | |0|0|0|0|GM|3|030|202|0|0|0|0|0|0| |0|0| |0|0| |0| | | | | | | | | | | | | | | | | | | | | | | | | | | | | | | | | | | | | | | | | | | | | | | | | | 
0| |APPLE LAPTOP II| |2000415| | |APPLE| | | |350.00|PRICE|.00| |.00| |.00| |.00| |.00| | |0|0|.00| | |0|0|.00| | |0|0|.00| | |0|0| | |0|0|0|0|GM|2|210|222|0|0|0|0|0|0| |0|0| |0|0| |0| | | | | | | | | | | | | | | | | | | | | | | | | | | | | | | | | | | | | | | | | | | | | | | | | | 
0| |KEYBOARD MBS POS| |2000416| | | | | | |22.49|PRICE|.00| |.00| |.00| |.00| |.00| | |0|0|.00| | |0|0|.00| | |0|0|.00| | |0|0| | |0|0|0|0|GM|3|030|202|0|0|0|0|0|0| |0|0| |0|0| |0| | | | | | | | | | | | | | | | | | | | | | | | | | | | | | | | | | | | | | | | | | | | | | | | | | 
0| |IPAD - 16GB TOUCH SCREEN| |2000417| | |APPLE| | | |425.00|PRICE|.00| |.00| |.00| |.00| |.00| | |0|0|.00| | |0|0|.00| | |0|0|.00| | |0|0| | |0|0|0|0|GM|2|210|222|0|0|0|0|0|0| |0|0| |0|0| |0| | | | | | | | | | | | | | | | | | | | | | | | | | | | | | | | | | | | | | | | | | | | | | | | | | 
0| |EPSON PRINTER| |2000418| | | | | | |134.99|PRICE|.00| |.00| |.00| |.00| |.00| | |0|0|.00| | |0|0|.00| | |0|0|.00| | |0|0| | |0|0|0|0|GM|3|030|202|0|0|0|0|0|0| |0|0| |0|0| |0| | | | | | | | | | | | | | | | | | | | | | | | | | | | | | | | | | | | | | | | | | | | | | | | | | 
0| |LOGITECH KEYBOARD| |2000430| | | | | | |21.49|PRICE|.00| |.00| |.00| |.00| |.00| | |0|0|.00| | |0|0|.00| | |0|0|.00| | |0|0| | |0|0|0|0|GM|3|030|202|0|0|0|0|0|0| |0|0| |0|0| |0| | | | | | | | | | | | | | | | | | | | | | | | | | | | | | | | | | | | | | | | | | | | | | | | | | 
0| |TEST FOR ISBN| |2000573| | | | | | |9.92|PRICE|.00| |.00| |.00| |.00| |.00| | |0|0|.00| | |0|0|.00| | |0|0|.00| | |0|0| | |0|0|0|0|GM|1|010|160|0|0|0|0|0|0| |0|0| |0|0| |0| | | | | | | | | | | | | | | | | | | | | | | | | | | | | | | | | | | | | | | | | | | | | | | | | | 
0| |COFFEE CUP| |2000577| | | | | | |5.00|PRICE|.00| |.00| |.00| |.00| |.00| | |0|0|.00| | |0|0|.00| | |0|0|.00| | |0|0| | |0|0|0|0|GM|1|010|160|0|0|0|0|0|0| |0|0| |0|0| |0| | | | | | | | | | | | | | | | | | | | | | | | | | | | | | | | | | | | | | | | | | | | | | | | | | 
0| |PENCIL| |2000580| | | | | | |2.50|PRICE|.00| |.00| |.00| |.00| |.00| | |0|0|.00| | |0|0|.00| | |0|0|.00| | |0|0| | |0|0|0|0|GM|1|010|160|0|0|0|0|0|0| |0|0| |0|0| |0| | | | | | | | | | | | | | | | | | | | | | | | | | | | | | | | | | | | | | | | | | | | | | | | | | 
0| |APPLE LAPTOP 200| |2000608| | | | | | |989.99|PRICE|.00| |.00| |.00| |.00| |.00| | |0|0|.00| | |0|0|.00| | |0|0|.00| | |0|0| | |0|0|0|0|GM|2|210|222|0|0|0|0|0|0| |0|0| |0|0| |0| | | | | | | | | | | | | | | | | | | | | | | | | | | | | | | | | | | | | | | | | | | | | | | | | | 
0| |CD - JOHNNY CASH|GREATEST HITS|2000616| | | | | | |25.99|PRICE|.00| |.00| |.00| |.00| |.00| | |0|0|.00| | |0|0|.00| | |0|0|.00| | |0|0| | |0|0|0|0|GM|2|020|213|0|0|0|0|0|0| |0|0| |0|0| |0| | | | | | | | | | | | | | | | | | | | | | | | | | | | | | | | | | | | | | | | | | | | | | | | | | 
0| |GARTH BROOKS BOX SET| |2000619| | | | | | |30.99|PRICE|.00| |.00| |.00| |.00| |.00| | |0|0|.00| | |0|0|.00| | |0|0|.00| | |0|0| | |0|0|0|0|GM|2|020|213|0|0|0|0|0|0| |0|0| |0|0| |0| | | | | | | | | | | | | | | | | | | | | | | | | | | | | | | | | | | | | | | | | | | | | | | | | | 
0| |TIM MCGRAW GREATEST HITS| |2000622| | | | | | |13.99|PRICE|.00| |.00| |.00| |.00| |.00| | |0|0|.00| | |0|0|.00| | |0|0|.00| | |0|0| | |0|0|0|0|GM|2|020|213|0|0|0|0|0|0| |0|0| |0|0| |0| | | | | | | | | | | | | | | | | | | | | | | | | | | | | | | | | | | | | | | | | | | | | | | | | | 
0| |CD - ALABAMA|GREATEST HITS|2000629| | | | | | |15.00|PRICE|.00| |.00| |.00| |.00| |.00| | |0|0|.00| | |0|0|.00| | |0|0|.00| | |0|0| | |0|0|0|0|GM|2|020|213|0|0|0|0|0|0| |0|0| |0|0| |0| | | | | | | | | | | | | | | | | | | | | | | | | | | | | | | | | | | | | | | | | | | | | | | | | | 
0| |CD - LADY ANTIBELLUM| |2000630| | | | | | |15.99|PRICE|.00| |.00| |.00| |.00| |10.71|20140521|20140521|700|2300|11.99|20140522|20140527|700|2300|.00| | |0|0|.00| | |0|0| | |0|0|0|0|GM|2|020|213|0|0|0|0|0|0| |0|0| |0|0| |0| | | | | | | | | | | | | | | | | | | | | | | | | | | | | | | | | | | | | | | | | | | | | | | | | | 
0| |CD - FAITH HILL| |2000631| | | | | | |12.99|PRICE|.00| |.00| |.00| |.00| |8.70|20140521|20140521|700|2300|9.74|20140522|20140527|700|2300|.00| | |0|0|.00| | |0|0| | |0|0|0|0|GM|2|020|213|0|0|0|0|0|0| |0|0| |0|0| |0| | | | | | | | | | | | | | | | | | | | | | | | | | | | | | | | | | | | | | | | | | | | | | | | | | 
0| |PENCILS - NO2| |2000641| | | | | | |1.59|PRICE|.00| |.00| |.00| |.00| |.00| | |0|0|.00| | |0|0|.00| | |0|0|.00| | |0|0| | |0|0|0|0|GM|3|030|301|0|0|0|0|0|0| |0|0| |0|0| |0| | | | | | | | | | | | | | | | | | | | | | | | | | | | | | | | | | | | | | | | | | | | | | | | | | 
0| |SOUND BAR| |2000682| | |APPLE| | | |89.99|PRICE|.00| |.00| |.00| |.00| |.00| | |0|0|.00| | |0|0|.00| | |0|0|.00| | |0|0| | |0|0|0|0|GM|3|030|202|0|0|0|0|0|0| |0|0| |0|0| |0| | | | | | | | | | | | | | | | | | | | | | | | | | | | | | | | | | | | | | | | | | | | | | | | | | 
0| |CD - LADY ANTEBELLUM|LADY ANTEBELLUM|2000691| | | | | | |10.00|PRICE|.00| |.00| |.00| |.00| |.00| | |0|0|.00| | |0|0|.00| | |0|0|.00| | |0|0| | |0|0|0|0|GM|2|020|213|0|0|0|0|0|0| |0|0| |0|0| |0| | | | | | | | | | | | | | | | | | | | | | | | | | | | | | | | | | | | | | | | | | | | | | | | | | 
0| |CD - JAKE OWEN| |2000692| | | | | | |15.99|PRICE|.00| |.00| |.00| |.00| |.00| | |0|0|.00| | |0|0|.00| | |0|0|.00| | |0|0| | |0|0|0|0|GM|2|020|213|0|0|0|0|0|0| |0|0| |0|0| |0| | | | | | | | | | | | | | | | | | | | | | | | | | | | | | | | | | | | | | | | | | | | | | | | | | 
0| |CD - TOBY KETH|PULL MY CHAIN|2000693| | | | | | |13.99|PRICE|.00| |.00| |.00| |.00| |.00| | |0|0|.00| | |0|0|.00| | |0|0|.00| | |0|0| | |0|0|0|0|GM|2|020|213|0|0|0|0|0|0| |0|0| |0|0| |0| | | | | | | | | | | | | | | | | | | | | | | | | | | | | | | | | | | | | | | | | | | | | | | | | | 
0| |CD - TOBY KEITH|GREATEST HITS|2000694| | | | | | |21.99|PRICE|.00| |.00| |.00| |.00| |14.73|20140521|20140521|700|2300|16.49|20140522|20140527|700|2300|.00| | |0|0|.00| | |0|0| | |0|0|0|0|GM|2|020|213|0|0|0|0|0|0| |0|0| |0|0| |0| | | | | | | | | | | | | | | | | | | | | | | | | | | | | | | | | | | | | | | | | | | | | | | | | | 
0| |CD - THE BAND PERRY| |2000695| | | | | | |11.99|PRICE|.00| |.00| |.00| |.00| |.00| | |0|0|.00| | |0|0|.00| | |0|0|.00| | |0|0| | |0|0|0|0|GM|2|020|213|0|0|0|0|0|0| |0|0| |0|0| |0| | | | | | | | | | | | | | | | | | | | | | | | | | | | | | | | | | | | | | | | | | | | | | | | | | 
0| |CD - ALAN JACKSON|16 BIGGEST HITS|2000696| | | | | | |17.99|PRICE|.00| |.00| |.00| |.00| |12.05|20140521|20140521|700|2300|13.49|20140522|20140527|700|2300|.00| | |0|0|.00| | |0|0| | |0|0|0|0|GM|2|020|213|0|0|0|0|0|0| |0|0| |0|0| |0| | | | | | | | | | | | | | | | | | | | | | | | | | | | | | | | | | | | | | | | | | | | | | | | | | 
0| |CD - LUKE BRYAN|TAILGATES AND TANLINES|2000697| | | | | | |13.59|PRICE|.00| |.00| |.00| |.00| |.00| | |0|0|.00| | |0|0|.00| | |0|0|.00| | |0|0| | |0|0|0|0|GM|2|020|213|0|0|0|0|0|0| |0|0| |0|0| |0| | | | | | | | | | | | | | | | | | | | | | | | | | | | | | | | | | | | | | | | | | | | | | | | | | 
0| |CD - LUKE BRYAN - CRASH|MY PARTY|2000731| | | | | | |14.99|PRICE|.00| |.00| |.00| |.00| |.00| | |0|0|.00| | |0|0|.00| | |0|0|.00| | |0|0| | |0|0|0|0|GM|2|020|213|0|0|0|0|0|0| |0|0| |0|0| |0| | | | | | | | | | | | | | | | | | | | | | | | | | | | | | | | | | | | | | | | | | | | | | | | | | 
0| |CD - ZAC BROWN BAND| |2000732| | | | | | |14.99|PRICE|.00| |.00| |.00| |.00| |10.04|20140521|20140521|700|2300|11.24|20140522|20140527|700|2300|.00| | |0|0|.00| | |0|0| | |0|0|0|0|GM|2|020|213|0|0|0|0|0|0| |0|0| |0|0| |0| | | | | | | | | | | | | | | | | | | | | | | | | | | | | | | | | | | | | | | | | | | | | | | | | | 
0| |CD - TOBY KEITH|CLANCY'S TAVERN|2000733| | | | | | |13.99|PRICE|.00| |.00| |.00| |.00| |.00| | |0|0|.00| | |0|0|.00| | |0|0|.00| | |0|0| | |0|0|0|0|GM|2|020|213|0|0|0|0|0|0| |0|0| |0|0| |0| | | | | | | | | | | | | | | | | | | | | | | | | | | | | | | | | | | | | | | | | | | | | | | | | | 
0| |CD - TOBY KEITH|HOPE ON THE ROCKS|2000734| | | | | | |14.99|PRICE|.00| |.00| |.00| |.00| |.00| | |0|0|.00| | |0|0|.00| | |0|0|.00| | |0|0| | |0|0|0|0|GM|2|020|213|0|0|0|0|0|0| |0|0| |0|0| |0| | | | | | | | | | | | | | | | | | | | | | | | | | | | | | | | | | | | | | | | | | | | | | | | | | 
0| |DISCT KIT| |2000823| | | | | | |.00|PRICE|.00| |.00| |.00| |.00| |.00| | |0|0|.00| | |0|0|.00| | |0|0|.00| | |0|0| | |0|0|0|0|GM|1|010|160|0|0|0|0|0|0| |0|0| |0|0| |0| | | | | | | | | | | | | | | | | | | | | | | | | | | | | | | | | | | | | | | | | | | | | | | | | | 
0| |SCAPL BLADE| |2000826| | | | | | |.00|PRICE|.00| |.00| |.00| |.00| |.00| | |0|0|.00| | |0|0|.00| | |0|0|.00| | |0|0| | |0|0|0|0|GM|1|010|160|0|0|0|0|0|0| |0|0| |0|0| |0| | | | | | | | | | | | | | | | | | | | | | | | | | | | | | | | | | | | | | | | | | | | | | | | | | 
0| |SST PRT AM 3X RED| |2003214| | |NACS| | | |9.59|PRICE|.00| |.00| |.00| |.00| |.00| | |0|0|.00| | |0|0|.00| | |0|0|.00| | |0|0| | |0|0|0|0|GM|1|010|160|0|0|0|0|0|0| |0|0| |0|0| |0| | | | | | | | | | | | | | | | | | | | | | | | | | | | | | | | | | | | | | | | | | | | | | | | | | 
0| |PNLGT| |2005288| | | | | | |.00|PRICE|.00| |.00| |.00| |.00| |.00| | |0|0|.00| | |0|0|.00| | |0|0|.00| | |0|0| | |0|0|0|0|GM|1|010|160|0|0|0|0|0|0| |0|0| |0|0| |0| | | | | | | | | | | | | | | | | | | | | | | | | | | | | | | | | | | | | | | | | | | | | | | | | | 
0| |PRINTER - ACME COLOR| |23568974123| | | | | | |80.99|PRICE|.00| |.00| |.00| |.00| |.00| | |0|0|.00| | |0|0|.00| | |0|0|.00| | |0|0| | |0|0|0|0|GM|3|030|202|0|0|0|0|0|0| |0|0| |0|0| |0| | | | | | | | | | | | | | | | | | | | | | | | | | | | | | | | | | | | | | | | | | | | | | | | | | 
0| |SERIES 1| |2430001| | | | | | |2.00|PRICE|.00| |.00| |.00| |.00| |.00| | |0|0|.00| | |0|0|.00| | |0|0|.00| | |0|0| | |0|0|0|0|GM|3|030|202|0|0|0|0|0|0| |0|0| |0|0| |0| | | | | | | | | | | | | | | | | | | | | | | | | | | | | | | | | | | | | | | | | | | | | | | | | | 
0| |DYMO LETRATAG - 6 PER BOX| |30071701913| | |ACME| | | |25.99|PRICE|.00| |.00| |.00| |.00| |.00| | |0|0|.00| | |0|0|.00| | |0|0|.00| | |0|0| | |0|0|0|0|GM|4|046|245|0|0|0|0|0|0| |0|0| |0|0| |0| | | | | | | | | | | | | | | | | | | | | | | | | | | | | | | | | | | | | | | | | | | | | | | | | | 
0| |MAC - KEYBOARD| |32165498700| | |APPLE| | | |38.49|PRICE|.00| |.00| |.00| |.00| |.00| | |0|0|.00| | |0|0|.00| | |0|0|.00| | |0|0| | |0|0|0|0|GM|3|030|202|0|0|0|0|0|0| |0|0| |0|0| |0| | | | | | | | | | | | | | | | | | | | | | | | | | | | | | | | | | | | | | | | | | | | | | | | | | 
0| |AQUAFINA COPY| |5821457| | | | | | |.93|PRICE|.00| |.00| |.00| |.00| |.00| | |0|0|.00| | |0|0|.00| | |0|0|.00| | |0|0| | |0|0|0|0|GM|7|070|701|0|0|0|0|0|0| |0|0| |0|0| |0| | | | | | | | | | | | | | | | | | | | | | | | | | | | | | | | | | | | | | | | | | | | | | | | | | 
0| |ORGANIZER| |69524500043| | |ACME| | | |4.58|PRICE|.00| |.00| |.00| |.00| |.00| | |0|0|.00| | |0|0|.00| | |0|0|.00| | |0|0| | |0|0|0|0|GM|4|046|245|0|0|0|0|0|0| |0|0| |0|0| |0| | | | | | | | | | | | | | | | | | | | | | | | | | | | | | | | | | | | | | | | | | | | | | | | | | 
0| |MAC - OPTICAL MOUSE| |74185296300| | |APPLE| | | |33.49|PRICE|.00| |.00| |.00| |.00| |.00| | |0|0|.00| | |0|0|.00| | |0|0|.00| | |0|0| | |0|0|0|0|GM|3|030|202|0|0|0|0|0|0| |0|0| |0|0| |0| | | | | | | | | | | | | | | | | | | | | | | | | | | | | | | | | | | | | | | | | | | | | | | | | | 
0| |IBM - THINKPAD BATTERY| |88286103743| | |ACME| | | |3.99|PRICE|.00| |.00| |.00| |.00| |.00| | |0|0|.00| | |0|0|.00| | |0|0|.00| | |0|0| | |0|0|0|0|GM|3|030|202|0|0|0|0|0|0| |0|0| |0|0| |0| | | | | | | | | | | | | | | | | | | | | | | | | | | | | | | | | | | | | | | | | | | | | | | | | | 
1|A|PHILLIPS|TEST 2000003|281050001117|281-0-500-01117-2| |APRILS| | | |.00| |.00| |.00| |.00| |.00| |.00| | |0|0|.00|00000000|00000000|0|0|.00|00000000|00000000|0|0|.00|00000000|00000000|0|0|J17|April's Testing Term|0|0|0|40|T| | | |0|0|0|0|0|0|00000000|0|0|00000000|0|0|00000000|0|APRIL TEST 100 1| | |SUGGESTED|N| | | | | | | | | | | | | | | | | | | | | | | | | | | | | | | | | | | | | | | | | | | | | 
2|A|AARON|COMPACT READER|978031260960|978-0-312-60960-3| |MAC HIGHER|BEDFORD BK|9TH 11| |53.35|New|40.00|Used|26.70|New Rental|.00| |13.35|Used Rental|.00| | |0|0|.00|00000000|00000000|0|0|.00|00000000|00000000|0|0|.00|00000000|00000000|0|0|J17|April's Testing Term|0|0|0|75|T| | | |36|0|46|0|563|10|20140312|571|45|20140312|0|0|00000000|55|APRIL TEST 100 1| | |REQUIRED|N| | | | | | | | | | | | | | | | | | | | | | | | | | | | | | | | | | | | | | | | | | | | | 
3|A|MCCONNELL|ECONOMICS|978007351144|978-0-07-351144-3| |MCG|IRWIN|19TH 12|OE|321.05|New|240.80|Used|.00| |.00| |.00| |.00| | |0|0|.00|00000000|00000000|0|0|.00|00000000|00000000|0|0|.00|00000000|00000000|0|0|J17|April's Testing Term|0|0|0|50|T| | | |13|0|15|0|564|10|20140312|571|26|20140312|0|0|00000000|36|APRIL TEST 100 1| | |REQUIRED|N| | | | | | | | | | | | | | | | | | | | | | | | | | | | | | | | | | | | | | | | | | | | | 
4|A|WARREN|ACCOUNTING-TEXT|978113360760|978-1-1336076-0-1| |CENGAGE L|S-W|25TH 14|NE|326.00|New|211.90|Used|.00| |115.80|eBook|.00| |.00| | |0|0|.00|00000000|00000000|0|0|.00|00000000|00000000|0|0|.00|00000000|00000000|0|0|J17|April's Testing Term|0|0|0|40|T| | | |0|0|0|0|571|15|20140520|0|0|00000000|0|0|00000000|15|APRIL TEST 100 1| | |REQUIRED|N| | | | | | | | | | | | | | | | | | | | | | | | | | | | | | | | | | | | | | | | | | | | | 
5|A|AAKER|DRAGONFLY EFFECT|978047061415|978-0-470-61415-0| |WILEY|JOSSEY|10| |25.95|New|19.45|Used|13.00|New Rental|.00| |6.50|Used Rental|.00| | |0|0|.00|00000000|00000000|0|0|.00|00000000|00000000|0|0|.00|00000000|00000000|0|0|J17|April's Testing Term|0|0|0|30|T| | | |24|0|14|0|565|10|20140312|571|11|20140312|0|0|00000000|21|APRIL TEST 100 1| | |REQUIRED|N| | | | | | | | | | | | | | | | | | | | | | | | | | | | | | | | | | | | | | | | | | | | | 
6|A|AAOS|EMER.CARE+TRANSPRT...-4TH PRTG.-W/WKBK.|978144969492|978-1-4496949-2-0| |JONES+BART|ACAD O SUR|10TH 11| |168.65|New|126.50|Used|84.35|New Rental|.00| |42.20|Used Rental|.00| | |0|0|.00|00000000|00000000|0|0|.00|00000000|00000000|0|0|.00|00000000|00000000|0|0|J17|April's Testing Term|0|0|0|25|T| | | |12|0|13|0|566|10|20140312|571|6|20140312|0|0|00000000|16|APRIL TEST 100 1| | |REQUIRED|N| | | | | | | | | | | | | | | | | | | | | | | | | | | | | | | | | | | | | | | | | | | | | 
7|A|AARON|40 MODEL ESSAYS:PORTABLE ANTHOLOGY|978145761024|978-1-4576102-4-0| |MAC HIGHER|BEDFORD BK|2ND 13| |33.35|New|25.00|Used|.00| |.00| |.00| |.00| | |0|0|.00|00000000|00000000|0|0|.00|00000000|00000000|0|0|.00|00000000|00000000|0|0|J17|April's Testing Term|0|0|0|40|T| | | |0|0|0|0|563|15|20140312|571|16|20140312|0|0|00000000|31|APRIL TEST 100 1| | |REQUIRED|N| | | | | | | | | | | | | | | | | | | | | | | | | | | | | | | | | | | | | | | | | | | | | 
8|A|LIAL|EBK COLLEGE ALGEBRA (CS)|978032179139|978-0-321-79139-9| |PEARSON CO|COURSESMAR|11TH 13| |.00| |.00| |.00| |98.40|eBook|.00| |.00| | |0|0|.00|00000000|00000000|0|0|.00|00000000|00000000|0|0|.00|00000000|00000000|0|0|J17|April's Testing Term|0|0|0|20|T| | | |0|0|0|0|0|0|00000000|0|0|00000000|0|0|00000000|0|APRIL TEST 100 1| | |OPTIONAL|N| | | | | | | | | | | | | | | | | | | | | | | | | | | | | | | | | | | | | | | | | | | | | 
