1|D| |No Text Course|NTR| |NTR| | | | | |.00| |.00| |.00| |.00| |.00| |.00| | |0|0|.00|00000000|00000000|0|0|.00|00000000|00000000|0|0|.00|00000000|00000000|0|0|T14|Test 2014|0|0|0|0|T| | | |0|0|0|0|0|0|0|0|0|0|0| |0|0|00000000|0| |0|0|00000000|0| |0|0|00000000|0
2|D|SCHAUM|MANAGERIAL ACCOUNTING|978007058041|290007058041|978-0-07-058041-1| |MCG|MCG|2ND 99|OE|18.95|New|14.20|Used|.00| |.00| |.00| |.00| | |0|0|.00|00000000|00000000|0|0|.00|00000000|00000000|0|0|.00|00000000|00000000|0|0|T14|Test 2014|0|0|0|20|T| | | |-315|0|0|0|610|0|0|0|0|0|0| |0|0|00000000|0| |0|0|00000000|0| |0|0|00000000|0
3|D|WEINBERG|HEART OF PSYCHOTHERAPY|978031214110|290031214110|978-0-312-14110-3| |MAC HIGHER|ST MARTIN|(REV)96| |23.00|New|17.25|Used|.00| |.00| |.00| |.00| | |0|0|.00|00000000|00000000|0|0|.00|00000000|00000000|0|0|.00|00000000|00000000|0|0|T14|Test 2014|0|0|0|10|T| | | |92|0|68|0|0|0|0|2|0|0|0| |0|0|00000000|0| |0|0|00000000|0| |0|0|00000000|0
4|D|ARONSON|SOCIAL PSYCHOLOGY|978032102435|290032102435|978-0-321-02435-0| |PEARSON|LONGMAN|3RD 99|OE|91.00|New|68.25|Used|.00| |.00| |.00| |.00| | |0|0|.00|00000000|00000000|0|0|.00|00000000|00000000|0|0|.00|00000000|00000000|0|0|T14|Test 2014|0|0|0|20|T| | | |0|0|0|0|0|0|0|0|0|0|0| |0|0|00000000|0| |0|0|00000000|0| |0|0|00000000|0
5|D|CHAET|ART OF DRAWING|978003062028|290003062028|978-0-03-062028-7| |CENGAGE L|HOLT|3RD 83|OP|245.35|New|159.50|Used|.00| |.00| |.00| |.00| | |0|0|.00|00000000|00000000|0|0|.00|00000000|00000000|0|0|.00|00000000|00000000|0|0|T14|Test 2014|0|0|0|10|T| | | |0|0|0|0|0|0|0|0|0|0|0| |0|0|00000000|0| |0|0|00000000|0| |0|0|00000000|0
6|D|SCHAUM|PRIN.OF ACCOUNTING II|978007037589|290007037589|978-0-07-037589-5| |MCG|MCG|4TH 94| |22.00|New|16.50|Used|.00| |.00| |.00| |.00| | |0|0|.00|00000000|00000000|0|0|.00|00000000|00000000|0|0|.00|00000000|00000000|0|0|T14|Test 2014|0|0|0|20|T| | | |-900|0|0|0|900|0|0|0|0|0|0| |0|0|00000000|0| |0|0|00000000|0| |0|0|00000000|0
7|D|KIMBLE|BIOLOGICAL PSYCHOLOGY|978003040487|290003040487|978-0-03-040487-0| |CENGAGE L|HBJ|2ND 92|OP|82.00|New|53.30|Used|.00| |.00| |.00| |.00| | |0|0|.00|00000000|00000000|0|0|.00|00000000|00000000|0|0|.00|00000000|00000000|0|0|T14|Test 2014|0|200|0|60|T| | | |0|0|0|0|0|0|0|0|0|0|0| |0|0|00000000|0| |0|0|00000000|0| |0|0|00000000|0
8|D|KIMBLE|BIOLOGICAL PSYCHOLOGY-STD.GDE.|978003040494|290003040494|978-0-03-040494-8| |CENGAGE L|HOLT|2ND 92|OP|28.00|New|18.20|Used|.00| |.00| |.00| |.00| | |0|0|.00|00000000|00000000|0|0|.00|00000000|00000000|0|0|.00|00000000|00000000|0|0|T14|Test 2014|0|200|0|60|T| | | |0|0|0|0|0|0|0|0|0|0|0| |0|0|00000000|0| |0|0|00000000|0| |0|0|00000000|0
9|D|BARFIELD|COST ACCOUNTING-STUD.SOLN.MAN.|978032418200|290032418200|978-0-324-18200-2| |CENGAGE L|S-W|5TH 03|OP|86.00|New|55.90|Used|.00| |.00| |.00| |.00| | |0|0|.00|00000000|00000000|0|0|.00|00000000|00000000|0|0|.00|00000000|00000000|0|0|T14|Test 2014|0|0|0|0|T| | | |-321|0|-1|0|320|0|1|0|0|0|0| |0|0|00000000|0| |0|0|00000000|0| |0|0|00000000|0
10|D|BRADFORD|BASIC ACCOUNTING PRINCIPLES F/LAWYERS|978087084104|290087084104|978-0-87084-104-0| |ANDERSON|ANDERSON|97| |33.25|New|24.95|Used|.00| |.00| |.00| |.00| | |0|0|.00|00000000|00000000|0|0|.00|00000000|00000000|0|0|.00|00000000|00000000|0|0|T14|Test 2014|0|0|0|10|T| | | |-1|0|0|0|0|0|1|0|0|0|0| |0|0|00000000|0| |0|0|00000000|0| |0|0|00000000|0
11|D|ADAMS|ART ACROSS TIME,V.II-W/CD|978007246677|290007246677|978-0-07-246677-5| |MCG|MCG|2ND 02|OE|81.05|New|60.80|Used|.00| |.00| |.00| |.00| | |0|0|.00|00000000|00000000|0|0|.00|00000000|00000000|0|0|.00|00000000|00000000|0|0|T14|Test 2014|0|0|0|10|T| | | |0|0|0|0|0|0|0|0|0|0|0| |0|0|00000000|0| |0|0|00000000|0| |0|0|00000000|0
12|D|BENNETT|WRITING HISTORY PAPERS|978088273105|290088273105|978-0-88273-105-6| |WILEY|FORUM|79|OP|7.40|New|5.55|Used|.00| |.00| |.00| |.00| | |0|0|.00|00000000|00000000|0|0|.00|00000000|00000000|0|0|.00|00000000|00000000|0|0|T14|Test 2014|20|20|0|65|T| | | |0|0|0|0|0|0|0|0|0|0|0| |0|0|00000000|0| |0|0|00000000|0| |0|0|00000000|0
13|D|COLLINGWOOD|PRINCIPLES OF ART|978019500209|290019500209|978-0-19-500209-6| |OXF|GALAXY|58| |26.60|New|19.95|Used|.00| |.00| |.00| |.00| | |0|0|.00|00000000|00000000|0|0|.00|00000000|00000000|0|0|.00|00000000|00000000|0|0|T14|Test 2014|0|0|0|10|T| | | |0|0|0|0|0|0|0|0|0|0|0| |0|0|00000000|0| |0|0|00000000|0| |0|0|00000000|0
14|D|ANDERSON|STATISTICAL METH.F/COMPARATIVE STUDIES|978047104838|290047104838|978-0-471-04838-1| |WILEY|WILEY|80| |.00| |.00| |.00| |.00| |.00| |.00| | |0|0|.00|00000000|00000000|0|0|.00|00000000|00000000|0|0|.00|00000000|00000000|0|0|T14|Test 2014|0|0|0|0|T| | | |0|0|0|0|0|0|0|0|0|0|0| |0|0|00000000|0| |0|0|00000000|0| |0|0|00000000|0
15|D|STARR|BIOLOGY:UNITY+DIV.OF LIFE-W/CD|978053438800|290053438800|978-0-534-38800-3| |CENGAGE L|B/C|10TH 04|OE|221.00|New|143.65|Used|.00| |.00| |.00| |.00| | |0|0|.00|00000000|00000000|0|0|.00|00000000|00000000|0|0|.00|00000000|00000000|0|0|T14|Test 2014|0|0|0|10|T| | | |-301|0|0|0|300|0|1|0|0|0|0| |0|0|00000000|0| |0|0|00000000|0| |0|0|00000000|0
16|D|SHIMKO|FINANCE IN CONTINUOUS TIME|978187897507|290187897507|978-1-8789750-7-2| |WILEY|KOLB PUB|92| |16.00|New|12.00|Used|.00| |.00| |.00| |.00| | |0|0|.00|00000000|00000000|0|0|.00|00000000|00000000|0|0|.00|00000000|00000000|0|0|T14|Test 2014|0|0|0|10|T| | | |147|0|0|0|0|0|3|0|0|0|0| |0|0|00000000|0| |0|0|00000000|0| |0|0|00000000|0
17|D|BARNES|MOTION+TIME STUDY...MEASUREMENT OF WORK|978047105905|290047105905|978-0-471-05905-9| |WILEY POD|WILEY|7TH 80| |253.35|New|190.00|Used|.00| |.00| |.00| |.00| | |0|0|.00|00000000|00000000|0|0|.00|00000000|00000000|0|0|.00|00000000|00000000|0|0|T14|Test 2014|0|0|0|10|T| | | |-3|0|0|0|0|0|3|0|0|0|0| |0|0|00000000|0| |0|0|00000000|0| |0|0|00000000|0
18|D|ABRAMS|M.C.ESCHER COLORING BOOK|978081092635|290081092635|978-0-8109-2635-6| |HACHETTE B|ABRAMS|95| |9.95|New|7.45|Used|.00| |.00| |.00| |.00| | |0|0|.00|00000000|00000000|0|0|.00|00000000|00000000|0|0|.00|00000000|00000000|0|0|T14|Test 2014|0|0|0|20|T| | | |-1|0|-1|0|0|0|1|1|0|0|0| |0|0|00000000|0| |0|0|00000000|0| |0|0|00000000|0
19|D|CLANCY|CARDINAL OF THE KREMLIN|978042511684|290042511684|978-0-425-11684-5| |BERKLEY|BERKLEY|87| |8.00|New|6.00|Used|.00| |.00| |.00| |.00| | |0|0|.00|00000000|00000000|0|0|.00|00000000|00000000|0|0|.00|00000000|00000000|0|0|T14|Test 2014|0|0|0|10|T| | | |0|0|0|0|0|0|0|0|0|0|0| |0|0|00000000|0| |0|0|00000000|0| |0|0|00000000|0
20|D|REZA|ART|978057119014|290057119014|978-0-571-19014-0| |MAC HIGHER|FABER|96| |14.00|New|10.50|Used|.00| |.00| |.00| |.00| | |0|0|.00|00000000|00000000|0|0|.00|00000000|00000000|0|0|.00|00000000|00000000|0|0|T14|Test 2014|0|0|0|10|T| | | |25|0|2|0|0|0|0|0|0|0|0| |0|0|00000000|0| |0|0|00000000|0| |0|0|00000000|0
21|D|PHILLIPS|TEST 979 ISBN|979012345678|291012345678|979-0-12-345678-5| |MCG| | | |64.30|New|48.25|Used|.00| |.00| |.00| |.00| | |0|0|.00|00000000|00000000|0|0|.00|00000000|00000000|0|0|.00|00000000|00000000|0|0|T14|Test 2014|0|0|0|30|T| | | |-5|0|-5|0|5|5|0|0|0|0|0| |0|0|00000000|0| |0|0|00000000|0| |0|0|00000000|0
22|D|ALTERS|BIOLOGY:UNDERSTANDING LIFE|978076370837|290076370837|978-0-7637-0837-5| |JONES+BART|JONES+BART|3RD 00| |104.00|New|78.00|Used|.00| |.00| |.00| |.00| | |0|0|.00|00000000|00000000|0|0|.00|00000000|00000000|0|0|.00|00000000|00000000|0|0|T14|Test 2014|0|0|0|10|T| | | |-4|0|-1|0|3|0|0|0|0|0|0| |0|0|00000000|0| |0|0|00000000|0| |0|0|00000000|0
23|D|RACHELS|ELEMENTS OF MORAL PHILOSOPHY-TEXT ONLY|978007247690|290007247690|978-0-07-247690-3| |MCG|MCG|4TH 03|OE|43.20|New|32.40|Used|.00| |.00| |.00| |.00| | |0|0|.00|00000000|00000000|0|0|.00|00000000|00000000|0|0|.00|00000000|00000000|0|0|T14|Test 2014|0|0|0|10|T| | | |-1|0|0|0|0|0|1|0|0|0|0| |0|0|00000000|0| |0|0|00000000|0| |0|0|00000000|0
24|D|KINNEY|COST ACCOUNTING-STD.GDE.|978032431788|290032431788|978-0-324-31788-6| |CENGAGE L|S-W|6TH 06|OP|61.70|New|40.15|Used|.00| |.00| |.00| |.00| | |0|0|.00|00000000|00000000|0|0|.00|00000000|00000000|0|0|.00|00000000|00000000|0|0|T14|Test 2014|0|0|0|0|T| | | |-1|0|-1|0|0|0|1|1|0|0|0| |0|0|00000000|0| |0|0|00000000|0| |0|0|00000000|0
25|D|ALBERTS|MOLECULAR BIOLOGY OF CELL-W/CD|978081533218|290081533218|978-0-8153-3218-3| |TAYLOR|GARLAND S|4TH 02|OE|183.45|New|137.60|Used|.00| |.00| |.00| |.00| | |0|0|.00|00000000|00000000|0|0|.00|00000000|00000000|0|0|.00|00000000|00000000|0|0|T14|Test 2014|0|0|0|30|T| | | |-51|0|0|0|50|0|0|0|0|0|0| |0|0|00000000|0| |0|0|00000000|0| |0|0|00000000|0
26|D|ANDERSON|COMPUTER LITERACY F/HEALTH CARE PROF.|978082734171|290082734171|978-0-8273-4171-5| |CENGAGE L|DELMAR|92|OP|146.00|New|94.90|Used|.00| |.00| |.00| |.00| | |0|0|.00|00000000|00000000|0|0|.00|00000000|00000000|0|0|.00|00000000|00000000|0|0|T14|Test 2014|0|0|0|10|T| | | |-1|0|0|0|0|0|0|0|0|0|0| |0|0|00000000|0| |0|0|00000000|0| |0|0|00000000|0
27|D|HILTON|MANAGERIAL ACCOUNTING|978007302285|290007302285|978-0-07-302285-7| |MCG|IRWIN|7TH 08|OE|192.50|New|144.40|Used|.00| |.00| |.00| |.00| | |0|0|.00|00000000|00000000|0|0|.00|00000000|00000000|0|0|.00|00000000|00000000|0|0|T14|Test 2014|0|0|0|10|T| | | |0|0|0|0|0|0|0|0|0|0|0| |0|0|00000000|0| |0|0|00000000|0| |0|0|00000000|0
28|D|MCCONNELL|ECONOMICS|978007312663|290007312663|978-0-07-312663-0| |MCG|IRWIN|17TH 08|OE|351.05|New|263.30|Used|.00| |.00| |.00| |.00| | |0|0|.00|00000000|00000000|0|0|.00|00000000|00000000|0|0|.00|00000000|00000000|0|0|T14|Test 2014|0|0|0|0|T| | | |-113|0|-1|0|110|0|3|1|0|0|0| |0|0|00000000|0| |0|0|00000000|0| |0|0|00000000|0
29|D|FRANK|PRINCIPLES OF MACROECONOMICS|978007288247|290007288247|978-0-07-288247-6| |MCG|IRWIN|2ND 04|OE|158.55|New|118.90|Used|.00| |.00| |.00| |.00| | |0|0|.00|00000000|00000000|0|0|.00|00000000|00000000|0|0|.00|00000000|00000000|0|0|T14|Test 2014|0|0|0|0|T| | | |-1|0|-1|0|0|0|1|0|0|0|0| |0|0|00000000|0| |0|0|00000000|0| |0|0|00000000|0
30|D|HORNGREN|ACCOUNTING|978013243960|290013243960|978-0-13-243960-2| |PEARSON|PH|7TH 07|OE|198.65|New|149.00|Used|.00| |.00| |.00| |.00| | |0|0|.00|00000000|00000000|0|0|.00|00000000|00000000|0|0|.00|00000000|00000000|0|0|T14|Test 2014|0|0|0|10|T| | | |-4|0|-3|0|0|0|3|1|0|0|0| |0|0|00000000|0| |0|0|00000000|0| |0|0|00000000|0
31|D|PELLOCK|CREATING NON-ISBN TEXTBOOKS|281050001092|282050001092|281-0-500-01092-2| |PH| |08| |33.25|New|24.95|Used|.00| |.00| |.00| |.00| | |0|0|.00|00000000|00000000|0|0|.00|00000000|00000000|0|0|.00|00000000|00000000|0|0|T14|Test 2014|0|0|0|10|T| | | |0|0|0|0|0|0|0|0|0|0|0| |0|0|00000000|0| |0|0|00000000|0| |0|0|00000000|0
32|D|SHAKESPEARE|MIDSUMMER NIGHT'S DREAM-ANNOTATED SHAK.|978030010653|290030010653|978-0-300-10653-4| |TRILITERAL|YALE|05| |8.95|New|6.70|Used|.00| |.00| |.00| |.00| | |0|0|.00|00000000|00000000|0|0|.00|00000000|00000000|0|0|.00|00000000|00000000|0|0|T14|Test 2014|0|0|0|10|T| | | |0|0|0|0|0|1|0|0|0|0|0| |0|0|00000000|0| |0|0|00000000|0| |0|0|00000000|0
33|D|BROOKS/COLE|STUDENT GUIDE FOR CYCLES OF LIFE...|978049511987|290049511987|978-0-495-11987-6| |CENGAGE L|B/C|5TH 08|OE|121.70|New|79.15|Used|.00| |.00| |.00| |.00| | |0|0|.00|00000000|00000000|0|0|.00|00000000|00000000|0|0|.00|00000000|00000000|0|0|T14|Test 2014|0|0|0|10|T| | | |0|0|0|0|0|0|0|0|0|0|0| |0|0|00000000|0| |0|0|00000000|0| |0|0|00000000|0
34|D|JANSON|ART HISTORY INTERACTIVE-CD (SW)|978013183808|290013183808|978-0-13-183808-6| |PEARSON|PH|04| |32.60|New|24.45|Used|.00| |.00| |.00| |.00| | |0|0|.00|00000000|00000000|0|0|.00|00000000|00000000|0|0|.00|00000000|00000000|0|0|T14|Test 2014|0|0|0|10|T| | | |0|0|0|0|0|0|0|0|0|0|0| |0|0|00000000|0| |0|0|00000000|0| |0|0|00000000|0
35|D|WILSON|CRAZY FEBRUARY|978052002399|290052002399|978-0-520-02399-4| |PERSEUS D|U OF CA PR|73| |31.95|New|23.95|Used|.00| |.00| |.00| |.00| | |0|0|.00|00000000|00000000|0|0|.00|00000000|00000000|0|0|.00|00000000|00000000|0|0|T14|Test 2014|20|20|0|10|T| | | |0|0|0|0|0|0|0|0|0|0|0| |0|0|00000000|0| |0|0|00000000|0| |0|0|00000000|0
36|D|CAMPBELL|BIOLOGY:CONCEPTS+CONNECTIONS|978032148984|290032148984|978-0-321-48984-5| |PEARSON|BENJ|6TH 09|OE|178.55|New|133.90|Used|.00| |.00| |.00| |.00| | |0|0|.00|00000000|00000000|0|0|.00|00000000|00000000|0|0|.00|00000000|00000000|0|0|T14|Test 2014|0|0|0|10|T| | | |7|0|0|0|0|0|3|0|0|0|0| |0|0|00000000|0| |0|0|00000000|0| |0|0|00000000|0
37|D|REZA|ART|978286943410|290286943410|978-2-8694341-0-3| |MEP/SCHOEN|MEP/SCHOEN|99|OP|30.95|New|23.20|Used|.00| |.00| |.00| |.00| | |0|0|.00|00000000|00000000|0|0|.00|00000000|00000000|0|0|.00|00000000|00000000|0|0|T14|Test 2014|0|0|0|20|T| | | |0|0|0|0|0|0|0|0|0|0|0| |0|0|00000000|0| |0|0|00000000|0| |0|0|00000000|0
38|D|BERTSEKAS|DYNAMIC PROGRAMMING+OPT.CONTROL,V.I+II|978188652908|290188652908|978-1-8865290-8-3| |ATHENA SCI|ATHENA SCI|2ND 01| |143.45|New|107.60|Used|.00| |.00| |.00| |.00| | |0|0|.00|00000000|00000000|0|0|.00|00000000|00000000|0|0|.00|00000000|00000000|0|0|T14|Test 2014|0|0|0|5|T| | | |5|0|0|0|0|0|0|0|0|0|0| |0|0|00000000|0| |0|0|00000000|0| |0|0|00000000|0
39|D|AARON|40 MODEL ESSAYS:PORTABLE ANTH.>INSTRS<|978031243832|290031243832|978-0-312-43832-6| |MAC HIGHER|ST MARTIN|05|OE|33.35|New|25.00|Used|.00| |.00| |.00| |.00| | |0|0|.00|00000000|00000000|0|0|.00|00000000|00000000|0|0|.00|00000000|00000000|0|0|T14|Test 2014|0|150|0|120|T| | | |0|0|0|0|0|0|0|0|0|0|0| |0|0|00000000|0| |0|0|00000000|0| |0|0|00000000|0
40|D|ALBRECHT|FRAUD EXAMINATION-W/CD|978032456084|290032456084|978-0-324-56084-8| |CENGAGE L|S-W|3RD 09|OE|267.70|New|174.05|Used|.00| |.00| |.00| |.00| | |0|0|.00|00000000|00000000|0|0|.00|00000000|00000000|0|0|.00|00000000|00000000|0|0|T14|Test 2014|0|0|0|10|T| | | |-3|0|0|0|0|0|3|0|0|0|0| |0|0|00000000|0| |0|0|00000000|0| |0|0|00000000|0
41|D|CAMPBELL|BIOLOGY:EXPLORING LIFE-W/CD|978013250925|290013250925|978-0-13-250925-1| |PH SCHOOL|PH SCHOOL|06| |113.95|New|85.45|Used|.00| |.00| |.00| |.00| | |0|0|.00|00000000|00000000|0|0|.00|00000000|00000000|0|0|.00|00000000|00000000|0|0|T14|Test 2014|0|0|0|0|T| | | |-2|0|0|0|0|0|1|0|0|0|0| |0|0|00000000|0| |0|0|00000000|0| |0|0|00000000|0
42|D|AESCHYLUS|AESCHYLUS I/ORESTEIA|978022630778|290022630778|978-0-226-30778-7| |UCP|UCP|53|OP|13.85|New|10.40|Used|.00| |.00| |.00| |.00| | |0|0|.00|00000000|00000000|0|0|.00|00000000|00000000|0|0|.00|00000000|00000000|0|0|T14|Test 2014|20|20|0|10|T| | | |0|0|-1|0|0|0|0|0|0|0|0| |0|0|00000000|0| |0|0|00000000|0| |0|0|00000000|0
43|D|ANDREWS|TRAVELER'S GIFT|978078527322|290078527322|978-0-7852-7322-6| |NELSON|NELSON|02| |17.00|New|12.75|Used|.00| |.00| |.00| |.00| | |0|0|.00|00000000|00000000|0|0|.00|00000000|00000000|0|0|.00|00000000|00000000|0|0|T14|Test 2014|20|20|0|20|T| | | |0|0|0|0|0|0|0|0|0|0|0| |0|0|00000000|0| |0|0|00000000|0| |0|0|00000000|0
44|D|SHAKESPEARE|OTHELLO  (ANNOTATED SHAKESPEARE)|978030010807|290030010807|978-0-300-10807-1| |TRILITERAL|YALE|05| |8.95|New|6.70|Used|.00| |.00| |.00| |.00| | |0|0|.00|00000000|00000000|0|0|.00|00000000|00000000|0|0|.00|00000000|00000000|0|0|T14|Test 2014|0|0|0|15|T| | | |0|0|1|0|0|0|0|0|0|0|0| |0|0|00000000|0| |0|0|00000000|0| |0|0|00000000|0
45|D|SCHRODINGER|WHAT IS LIFE?+MIND+MATTER|978052142708|290052142708|978-0-521-42708-1| |CAMB|CAMB|67|OP|24.00|New|18.00|Used|.00| |.00| |.00| |.00| | |0|0|.00|00000000|00000000|0|0|.00|00000000|00000000|0|0|.00|00000000|00000000|0|0|T14|Test 2014|0|0|0|40|T| | | |0|0|0|0|0|0|0|0|0|0|0| |0|0|00000000|0| |0|0|00000000|0| |0|0|00000000|0
46|D|BASS|CAMPING WITH THE PRINCE|978155921206|290155921206|978-1-5592120-6-9| |MIDPOINT T|MOYER BELL|97| |13.95|New|10.45|Used|.00| |.00| |.00| |.00| | |0|0|.00|00000000|00000000|0|0|.00|00000000|00000000|0|0|.00|00000000|00000000|0|0|T14|Test 2014|20|20|0|10|T| | | |0|0|0|0|0|0|0|0|0|0|0| |0|0|00000000|0| |0|0|00000000|0| |0|0|00000000|0
47|D|WEYGANDT|EBK MANAGERIAL ACCOUNTING|281000742893|282000742893|281-000742893-0| |WILEY CONS|VITALSOURC|3RD 05| |.00| |.00| |.00| |164.11|eBook|.00| |.00| | |0|0|.00|00000000|00000000|0|0|.00|00000000|00000000|0|0|.00|00000000|00000000|0|0|T14|Test 2014|0|0|0|0|T| | | |0|0|0|0|0|0|0|0|0|0|0| |0|0|00000000|0| |0|0|00000000|0| |0|0|00000000|0
48|D|KIER|CHEMISTRY OF DRUGS F/NURSE ANESTHETISTS|978097002794|290097002794|978-0-9700279-4-8| |AANA|AANA|04| |60.00|New|45.00|Used|.00| |.00| |.00| |.00| | |0|0|.00|00000000|00000000|0|0|.00|00000000|00000000|0|0|.00|00000000|00000000|0|0|T14|Test 2014|0|0|0|120|T| | | |0|0|0|0|0|0|0|0|0|0|0| |0|0|00000000|0| |0|0|00000000|0| |0|0|00000000|0
49|D|MCCONNELL|MICROECONOMICS|978007327309|290007327309|978-0-07-327309-9| |MCG|IRWIN|17TH 08|OE|227.15|New|170.35|Used|.00| |.00| |.00| |.00| | |0|0|.00|00000000|00000000|0|0|.00|00000000|00000000|0|0|.00|00000000|00000000|0|0|T14|Test 2014|0|0|0|0|T| | | |-3|0|0|0|0|0|3|0|0|0|0| |0|0|00000000|0| |0|0|00000000|0| |0|0|00000000|0
50|D|GULICK|HEARING:PHYSIOLOGICAL ACOUSTICS...|978019504307|290019504307|978-0-19-504307-5| |OXF|OXF|89| |136.50|New|102.40|Used|.00| |.00| |.00| |.00| | |0|0|.00|00000000|00000000|0|0|.00|00000000|00000000|0|0|.00|00000000|00000000|0|0|T14|Test 2014|0|0|0|45|T| | | |10|0|0|0|0|0|0|0|0|0|0| |0|0|00000000|0| |0|0|00000000|0| |0|0|00000000|0
51|D|KOOP|ANALYSIS OF FINANCIAL DATA|978047001321|290047001321|978-0-470-01321-2| |WILEY|WILEY|06| |77.35|New|58.00|Used|.00| |.00| |.00| |.00| | |0|0|.00|00000000|00000000|0|0|.00|00000000|00000000|0|0|.00|00000000|00000000|0|0|T14|Test 2014|0|0|0|20|T| | | |0|0|0|0|0|0|0|0|0|0|0| |0|0|00000000|0| |0|0|00000000|0| |0|0|00000000|0
52|D|SPATH|FUND.OF HEALTH CARE QUALITY MGMT.|978192995519|290192995519|978-1-9299551-9-0| |BROWN-SPAT|BROWN-SPAT|3RD 09|OE|60.00|New|45.00|Used|.00| |.00| |.00| |.00| | |0|0|.00|00000000|00000000|0|0|.00|00000000|00000000|0|0|.00|00000000|00000000|0|0|T14|Test 2014|0|0|0|10|T| | | |0|0|0|0|0|0|0|0|0|0|0| |0|0|00000000|0| |0|0|00000000|0| |0|0|00000000|0
53|D|BRADFORD|BASIC ACCOUNTING PRINCIPLES F/LAWYERS|978082056982|290082056982|978-0-8205-6982-6| |LEXISNEXIS|BENDER|96|OE|33.05|New|24.80|Used|.00| |.00| |.00| |.00| | |0|0|.00|00000000|00000000|0|0|.00|00000000|00000000|0|0|.00|00000000|00000000|0|0|T14|Test 2014|20|0|0|25|T| | | |-20|0|0|0|20|0|0|0|0|0|0| |0|0|00000000|0| |0|0|00000000|0| |0|0|00000000|0
54|D|SHEPHARD|EXERCISE+THE HEART IN HEALTH+DISEASE|978082470227|290082470227|978-0-8247-0227-4| |TAYLOR|DEKKER|2ND 99| |234.65|New|176.00|Used|.00| |.00| |.00| |.00| | |0|0|.00|00000000|00000000|0|0|.00|00000000|00000000|0|0|.00|00000000|00000000|0|0|T14|Test 2014|0|0|0|15|T| | | |-32|0|0|0|32|0|0|0|0|0|0| |0|0|00000000|0| |0|0|00000000|0| |0|0|00000000|0
55|D|PAYTON|PEACE OFFICER'S GDE.TO CRIMINAL LAW|281000703724|282000703724|281-000703724-8| |CRIM JUST|CRIM JUST|23RD 09|NE|1.05|New|.80|Used|.00| |.00| |.00| |.00| | |0|0|.00|00000000|00000000|0|0|.00|00000000|00000000|0|0|.00|00000000|00000000|0|0|T14|Test 2014|0|0|0|40|T| | | |-2|0|0|0|2|0|0|0|0|0|0| |0|0|00000000|0| |0|0|00000000|0| |0|0|00000000|0
56|D|FARRER|LIVING LIFE'S CIRCLE|978082631560|290082631560|978-0-8263-1560-1| |U OF NM|U OF NM|91| |31.95|New|23.95|Used|.00| |.00| |.00| |.00| | |0|0|.00|00000000|00000000|0|0|.00|00000000|00000000|0|0|.00|00000000|00000000|0|0|T14|Test 2014|0|0|0|10|T| | | |0|0|0|0|0|0|0|0|0|0|0| |0|0|00000000|0| |0|0|00000000|0| |0|0|00000000|0
57|D|AASHTO|AASHTO LRFD BRIDGE DES.SPEC.(DIG.DWNLD)|978156051272|290156051272|978-1-5605127-2-1| |AASHTO|AASHTO|3RD 05|OP|146.65|New|110.00|Used|.00| |.00| |.00| |.00| | |0|0|.00|00000000|00000000|0|0|.00|00000000|00000000|0|0|.00|00000000|00000000|0|0|T14|Test 2014|0|0|0|2|T| | | |0|0|0|0|0|0|0|0|0|0|0| |0|0|00000000|0| |0|0|00000000|0| |0|0|00000000|0
58|D|BRETON|AWAY GAMES|978082632232|290082632232|978-0-8263-2232-6| |U OF NM|U OF NM|99|OP|9.95|New|7.45|Used|.00| |.00| |.00| |.00| | |0|0|.00|00000000|00000000|0|0|.00|00000000|00000000|0|0|.00|00000000|00000000|0|0|T14|Test 2014|0|0|0|0|T| | | |0|0|0|0|0|0|0|0|0|0|0| |0|0|00000000|0| |0|0|00000000|0| |0|0|00000000|0
59|D|SILBERSCHATZ|EBK OPERATING SYSTEM CONCEPTS|281000742889|282000742889|281-000742889-3| |WILEY CONS|VITALSOURC|7TH 05|NE|.00| |.00| |.00| |115.60|eBook|.00| |.00| | |0|0|.00|00000000|00000000|0|0|.00|00000000|00000000|0|0|.00|00000000|00000000|0|0|T14|Test 2014|0|0|0|0|T| | | |0|0|0|0|0|0|0|0|0|0|0| |0|0|00000000|0| |0|0|00000000|0| |0|0|00000000|0
60|D|KREISMAN|I HATE YOU-DON'T LEAVE ME|978038071305|290038071305|978-0-380-71305-9| |HARP PUB|AVON|91|OP|8.00|New|6.00|Used|.00| |.00| |.00| |.00| | |0|0|.00|00000000|00000000|0|0|.00|00000000|00000000|0|0|.00|00000000|00000000|0|0|T14|Test 2014|0|0|0|10|T| | | |7|0|3|0|0|0|0|0|0|0|0| |0|0|00000000|0| |0|0|00000000|0| |0|0|00000000|0
61|D|KRAYBILL|HORSE+BUGGY MENNONITES|978027102866|290027102866|978-0-271-02866-8| |PENN ST|PENN ST|06| |29.95|New|22.45|Used|.00| |.00| |.00| |.00| | |0|0|.00|00000000|00000000|0|0|.00|00000000|00000000|0|0|.00|00000000|00000000|0|0|T14|Test 2014|0|0|0|0|T| | | |-1|0|0|0|0|0|1|0|0|0|0| |0|0|00000000|0| |0|0|00000000|0| |0|0|00000000|0
62|D|KESEY|SOMETIMES A GREAT NOTION|978014004529|290014004529|978-0-14-004529-1| |PENG RAND|PENG|64| |18.00|New|13.50|Used|.00| |.00| |.00| |.00| | |0|0|.00|00000000|00000000|0|0|.00|00000000|00000000|0|0|.00|00000000|00000000|0|0|T14|Test 2014|0|0|0|11|T| | | |0|0|0|0|0|0|0|0|0|0|0| |0|0|00000000|0| |0|0|00000000|0| |0|0|00000000|0
63|D|BEN NATAN|EBK IMPLEMENTING DATABASE SECURITY+...|978008047064|290008047064|978-0-08-047064-1| |ELSEVIER S|VITALSOURC|05| |.00| |.00| |.00| |84.63|eBook|.00| |.00| | |0|0|.00|00000000|00000000|0|0|.00|00000000|00000000|0|0|.00|00000000|00000000|0|0|T14|Test 2014|0|0|0|0|T| | | |0|0|0|0|0|0|0|0|0|0|0| |0|0|00000000|0| |0|0|00000000|0| |0|0|00000000|0
64|D|PREZIOSI|ART OF ART HISTORY|978019922984|290019922984|978-0-19-922984-0| |OXF|OXF|2ND 09| |29.95|New|22.45|Used|.00| |.00| |.00| |.00| | |0|0|.00|00000000|00000000|0|0|.00|00000000|00000000|0|0|.00|00000000|00000000|0|0|T14|Test 2014|0|0|0|10|T| | | |0|0|0|0|0|0|0|0|0|0|0| |0|0|00000000|0| |0|0|00000000|0| |0|0|00000000|0
65|D|WILMSHURST|ABNORMAL CHILD PSYCHOLOGY|978041595363|290041595363|978-0-415-95363-4| |TAYLOR|ROUTLEDGE|09| |85.35|New|64.00|Used|.00| |.00| |.00| |.00| | |0|0|.00|00000000|00000000|0|0|.00|00000000|00000000|0|0|.00|00000000|00000000|0|0|T14|Test 2014|0|0|0|10|T| | | |0|0|0|0|0|0|0|0|0|0|0| |0|0|00000000|0| |0|0|00000000|0| |0|0|00000000|0
66|D|WILD|MANAGERIAL ACCOUNTING|978007337958|290007337958|978-0-07-337958-6| |MCG|MCG|10|OE|177.50|New|133.15|Used|.00| |.00| |.00| |.00| | |0|0|.00|00000000|00000000|0|0|.00|00000000|00000000|0|0|.00|00000000|00000000|0|0|T14|Test 2014|0|0|0|10|T| | | |0|0|0|0|0|0|0|0|0|0|0| |0|0|00000000|0| |0|0|00000000|0| |0|0|00000000|0
67|D|ARRINGTON|HOME IS WHERE THE ART IS|978039807161|290039807161|978-0-398-07161-5| |THOMAS|THOMAS|01| |56.50|New|42.40|Used|.00| |.00| |.00| |.00| | |0|0|.00|00000000|00000000|0|0|.00|00000000|00000000|0|0|.00|00000000|00000000|0|0|T14|Test 2014|0|0|0|10|T| | | |0|0|-1|0|0|0|0|0|0|0|0| |0|0|00000000|0| |0|0|00000000|0| |0|0|00000000|0
68|D|CAMPBELL|BIOCHEMISTRY|978049539041|290049539041|978-0-495-39041-1| |CENGAGE L|B/C|6TH 09|OE|329.70|New|214.35|Used|.00| |.00| |.00| |.00| | |0|0|.00|00000000|00000000|0|0|.00|00000000|00000000|0|0|.00|00000000|00000000|0|0|T14|Test 2014|0|0|0|100|T| | | |0|0|0|0|0|0|0|0|0|0|0| |0|0|00000000|0| |0|0|00000000|0| |0|0|00000000|0
69|D|STOKSTAD|ART HISTORY,(COMBINED)|978020574422|290020574422|978-0-205-74422-0| |PEARSON|PH|4TH 11|OE|276.80|New|207.60|Used|.00| |.00| |.00| |.00| | |0|0|.00|00000000|00000000|0|0|.00|00000000|00000000|0|0|.00|00000000|00000000|0|0|T14|Test 2014|20|20|0|110|T| | | |0|0|0|0|0|0|0|0|0|0|0| |0|0|00000000|0| |0|0|00000000|0| |0|0|00000000|0
70|D|DUPAUL|ADHD IN THE SCHOOLS|978157230862|290157230862|978-1-5723086-2-6| |GUILFORD|GUILFORD|2ND 03|OE|66.15|New|49.60|Used|.00| |.00| |.00| |.00| | |0|0|.00|00000000|00000000|0|0|.00|00000000|00000000|0|0|.00|00000000|00000000|0|0|T14|Test 2014|0|0|0|100|T| | | |-1|0|0|0|0|0|0|0|0|0|0| |0|0|00000000|0| |0|0|00000000|0| |0|0|00000000|0
71|D|JIAMBALVO|MANAGERIAL ACCOUNTING|978047033334|290047033334|978-0-470-33334-1| |WILEY|WILEY|4TH 10|OE|281.35|New|140.70|Used|.00| |.00| |.00| |.00| | |0|0|.00|00000000|00000000|0|0|.00|00000000|00000000|0|0|.00|00000000|00000000|0|0|T14|Test 2014|0|0|0|100|T| | | |0|0|0|0|0|0|0|0|0|0|0| |0|0|00000000|0| |0|0|00000000|0| |0|0|00000000|0
72|D|DAVIES|JANSON'S HISTORY OF ART-TEXT|978020568517|290020568517|978-0-205-68517-2| |PEARSON|PH|8TH 11|OP|261.60|New|196.20|Used|.00| |.00| |.00| |.00| | |0|0|.00|00000000|00000000|0|0|.00|00000000|00000000|0|0|.00|00000000|00000000|0|0|T14|Test 2014|0|0|0|10|T| | | |0|0|0|0|0|0|0|0|0|0|0| |0|0|00000000|0| |0|0|00000000|0| |0|0|00000000|0
73|D|DIANA|BIOLOGY+ECOLOGY OF FISHES|978188412524|290188412524|978-1-8841252-4-9| |COOPER PUB|BSP|95|OE|48.00|New|36.00|Used|.00| |.00| |.00| |.00| | |0|0|.00|00000000|00000000|0|0|.00|00000000|00000000|0|0|.00|00000000|00000000|0|0|T14|Test 2014|0|0|0|100|T| | | |0|0|0|0|0|0|0|0|0|0|0| |0|0|00000000|0| |0|0|00000000|0| |0|0|00000000|0
74|D|ROBINSON|INSTANT ART HISTORY|978044990698|290044990698|978-0-449-90698-9| |PENG RAND|FAWCETT|95| |14.95|New|11.20|Used|.00| |.00| |.00| |.00| | |0|0|.00|00000000|00000000|0|0|.00|00000000|00000000|0|0|.00|00000000|00000000|0|0|T14|Test 2014|0|0|0|100|T| | | |0|0|-1|0|0|0|0|1|0|0|0| |0|0|00000000|0| |0|0|00000000|0| |0|0|00000000|0
75|D|MOLINARO|COUNTERMAN'S GDE.TO PARTS+SERV.,W/5"DSK|978082733629|290082733629|978-0-8273-3629-2| |CENGAGE L|DELMAR|89| |117.70|New|76.55|Used|.00| |.00| |.00| |.00| | |0|0|.00|00000000|00000000|0|0|.00|00000000|00000000|0|0|.00|00000000|00000000|0|0|T14|Test 2014|0|0|0|10|T| | | |0|0|-1|0|0|0|0|0|0|0|0| |0|0|00000000|0| |0|0|00000000|0| |0|0|00000000|0
76|D|MOLINARO|COUNTERMAN'S GDE.TO PARTS+...-NO DISK|281000135405|282000135405|281-000135405-1| |CENGAGE L|DELMAR|89| |117.70|New|76.55|Used|.00| |.00| |.00| |.00| | |0|0|.00|00000000|00000000|0|0|.00|00000000|00000000|0|0|.00|00000000|00000000|0|0|T14|Test 2014|0|0|0|100|T| | | |0|0|0|0|0|0|0|0|0|0|0| |0|0|00000000|0| |0|0|00000000|0| |0|0|00000000|0
77|D|JOHNSON|979 ISBN|979111199996|291111199996|979-1-1119999-6-3| |MCG| | | |217.00|New|162.75|Used|.00| |.00| |.00| |.00| | |0|0|.00|00000000|00000000|0|0|.00|00000000|00000000|0|0|.00|00000000|00000000|0|0|T14|Test 2014|0|0|0|100|T| | | |0|0|0|0|0|0|0|0|0|0|0| |0|0|00000000|0| |0|0|00000000|0| |0|0|00000000|0
78|D|DAVIES|JANSON'S HISTORY OF ART-W/ACCESS|978020579489|290020579489|978-0-205-79489-8| |PEARSON|PH|8TH 11|OP|242.60|New|181.95|Used|.00| |.00| |.00| |.00| | |0|0|.00|00000000|00000000|0|0|.00|00000000|00000000|0|0|.00|00000000|00000000|0|0|T14|Test 2014|0|0|0|10|T| | | |0|0|-1|0|0|0|0|1|0|0|0| |0|0|00000000|0| |0|0|00000000|0| |0|0|00000000|0
79|D|CLARKE|RETELLINGS:THEMATIC LIT.ANTHOLOGY-W/CD|978007299625|290007299625|978-0-07-299625-8| |MCG|MCG|04|OP|178.55|New|133.90|Used|.00| |.00| |.00| |.00| | |0|0|.00|00000000|00000000|0|0|.00|00000000|00000000|0|0|.00|00000000|00000000|0|0|T14|Test 2014|0|150|0|110|T| | | |60|0|-3|0|0|0|0|0|0|0|1758|MCG|50|0|20160114|0|MCG|0|0|00000000|0|MCG|0|0|00000000|50
80|D|HUNT|RIVERSIDE ANTHOLOGY OF LITERATURE|978039576070|290039576070|978-0-395-76070-3| |CENGAGE L|HM|3RD 97| |211.00|New|137.15|Used|.00| |.00| |.00| |.00| | |0|0|.00|00000000|00000000|0|0|.00|00000000|00000000|0|0|.00|00000000|00000000|0|0|T14|Test 2014|90|100|0|85|T| | | |-7|0|-1|0|0|0|0|1|0|0|0|MCG|0|0|00000000|0|MCG|0|0|00000000|0|MCG|0|0|00000000|0
81|D|FEDER|HUMAN ANTIQUITY|978007304196|290007304196|978-0-07-304196-4| |MCG|MCG|5TH 07|OP|143.55|New|107.65|Used|.00| |.00| |.00| |.00| | |0|0|.00|00000000|00000000|0|0|.00|00000000|00000000|0|0|.00|00000000|00000000|0|0|T14|Test 2014|0|0|0|0|T| | | |0|0|-1|0|0|0|0|0|0|0|0|MCG|0|0|00000000|0|MCG|0|0|00000000|0|MCG|0|0|00000000|0
82|D|GELDER|PSYCHIATRY|978019852863|290019852863|978-0-19-852863-0| |OXF|OXF|3RD 05| |58.65|New|44.00|Used|.00| |.00| |.00| |.00| | |0|0|.00|00000000|00000000|0|0|.00|00000000|00000000|0|0|.00|00000000|00000000|0|0|T14|Test 2014|0|0|0|10|T| | | |0|0|0|0|0|0|0|0|0|0|0|MCG|0|0|00000000|0|MCG|0|0|00000000|0|MCG|0|0|00000000|0
83|D|SCOTTON|TEXTBK.OF TRANS.PSYCHIATRY+PSYCHOLOGY|978046509530|290046509530|978-0-465-09530-8| |PERSEUS D|BASIC|96| |72.55|New|54.40|Used|.00| |.00| |.00| |.00| | |0|0|.00|00000000|00000000|0|0|.00|00000000|00000000|0|0|.00|00000000|00000000|0|0|T14|Test 2014|0|0|0|20|T| | | |68|0|71|0|0|0|3|1|1|0|0|MCG|0|0|00000000|0|MCG|0|0|00000000|0|MCG|0|0|00000000|0
84|D|TSUANG|TEXTBOOK IN PSYCHIATRIC EPIDEMIOLOGY|978047140974|290047140974|978-0-471-40974-8| |WILEY|WILEY|2ND 02|OP|227.15|New|170.35|Used|.00| |.00| |.00| |.00| | |0|0|.00|00000000|00000000|0|0|.00|00000000|00000000|0|0|.00|00000000|00000000|0|0|T14|Test 2014|0|0|0|10|T| | | |73|0|71|0|0|0|2|1|0|0|0|MCG|0|0|00000000|0|MCG|0|0|00000000|0|MCG|0|0|00000000|0
85|D|LEIGHTON|TWO WORLDS,ONE ART|978087580160|290087580160|978-0-87580-160-5| |UCP|N IL U PR|91| |41.05|New|30.80|Used|.00| |.00| |.00| |.00| | |0|0|.00|00000000|00000000|0|0|.00|00000000|00000000|0|0|.00|00000000|00000000|0|0|T14|Test 2014|0|0|0|10|T| | | |0|0|0|0|0|0|0|0|0|0|0|MCG|0|0|00000000|0|MCG|0|0|00000000|0|MCG|0|0|00000000|0
86|D|BARRACLOUGH|TIMES ATLAS OF WORLD HISTORY|281000218342|282000218342|281-000218342-1| |LANGEN PUB|HAMMOND|(4TH)94| |59.85|New|44.90|Used|.00| |.00| |.00| |.00| | |0|0|.00|00000000|00000000|0|0|.00|00000000|00000000|0|0|.00|00000000|00000000|0|0|T14|Test 2014|0|0|0|20|T| | | |74|0|79|0|0|0|5|0|0|0|0|MCG|0|0|00000000|0|MCG|0|0|00000000|0|MCG|0|0|00000000|0
87|D|HAEUSSLER|ALGEBRA+TRIG.F/COLL.STUD.|281000056312|282000056312|281-000056312-6| |PEARSON|RESTON|2ND 83| |63.95|New|47.95|Used|.00| |.00| |.00| |.00| | |0|0|.00|00000000|00000000|0|0|.00|00000000|00000000|0|0|.00|00000000|00000000|0|0|T14|Test 2014|0|0|0|20|T| | | |-2|0|5|0|0|0|1|3|0|0|0|MCG|0|0|00000000|0|MCG|0|0|00000000|0|MCG|0|0|00000000|0
88|D|COERR|SADAKO+THE THOUSAND PAPER CRANES|978069811802|290069811802|978-0-698-11802-7| |PENG RAND|PUFFIN|77| |6.95|New|5.20|Used|3.45|New Rental|.00| |2.55|Used Rental|.00| | |0|0|.00|00000000|00000000|0|0|.00|00000000|00000000|0|0|.00|00000000|00000000|0|0|T14|Test 2014|0|0|0|20|T| | | |2|0|14|0|0|0|2|0|2|1|0|MCG|0|0|00000000|0|MCG|0|0|00000000|0|MCG|0|0|00000000|0
89|D|HENRY|MATH PROBLEMS ARE EASY|979222999777|291222999777|979-2-2299977-7-3| |MCG| | | |68.50|New|51.40|Used|34.25|New Rental|.00| |25.70|Used Rental|.00| | |0|0|.00|00000000|00000000|0|0|.00|00000000|00000000|0|0|.00|00000000|00000000|0|0|T14|Test 2014|0|0|0|20|T| | | |-18|0|-7|0|0|0|1|1|0|1|0|MCG|0|0|00000000|0|MCG|0|0|00000000|0|MCG|0|0|00000000|0
90|D|MOSAY|CAPSTONE SIMULATION F/CODING-W/CD|978141805346|290141805346|978-1-4180534-6-8| |CENGAGE L|DELMAR|11|OE|108.70|New|70.70|Used|.00| |.00| |.00| |.00| | |0|0|.00|00000000|00000000|0|0|.00|00000000|00000000|0|0|.00|00000000|00000000|0|0|T14|Test 2014|0|0|0|10|T| | | |0|0|0|0|0|0|0|0|0|0|0|MCG|0|0|00000000|0|MCG|0|0|00000000|0|MCG|0|0|00000000|0
91|D|WYNN|PYRAMIDS+NIGHTCLUBS|978029271702|290029271702|978-0-292-71702-2| |U OF TX|U OF TX|07| |30.85|New|23.10|Used|.00| |.00| |.00| |.00| | |0|0|.00|00000000|00000000|0|0|.00|00000000|00000000|0|0|.00|00000000|00000000|0|0|T14|Test 2014|0|0|0|10|T| | | |0|0|0|0|0|0|0|0|0|0|0|MCG|0|0|00000000|0|MCG|0|0|00000000|0|MCG|0|0|00000000|0
92|D|MORKOT|EGYPT|978962217701|290962217701|978-9-6221770-1-7| |NORTON|NORTON|5TH 05| |24.95|New|18.70|Used|.00| |.00| |.00| |.00| | |0|0|.00|00000000|00000000|0|0|.00|00000000|00000000|0|0|.00|00000000|00000000|0|0|T14|Test 2014|0|0|0|10|T| | | |0|0|0|0|0|0|0|0|0|0|0|MCG|0|0|00000000|0|MCG|0|0|00000000|0|MCG|0|0|00000000|0
93|D|KIRKALDY|MANAGING LOW BACK PAIN|978044307948|290044307948|978-0-443-07948-1| |ELSEVIER|CHURCHILL|4TH 99|OP|125.85|New|94.40|Used|.00| |.00| |.00| |.00| | |0|0|.00|00000000|00000000|0|0|.00|00000000|00000000|0|0|.00|00000000|00000000|0|0|T14|Test 2014|0|0|0|10|T| | | |59|0|96|0|0|0|2|0|5|0|0|MCG|0|0|00000000|0|MCG|0|0|00000000|0|MCG|0|0|00000000|0
94|D|WHITTAKER|REACHING HIGH-RISK FAMILIES|978020236058|290020236058|978-0-202-36058-4| |TRANSACT|ALDINE|90| |33.00|New|24.75|Used|.00| |.00| |.00| |.00| | |0|0|.00|00000000|00000000|0|0|.00|00000000|00000000|0|0|.00|00000000|00000000|0|0|T14|Test 2014|0|0|0|10|T| | | |0|0|0|0|0|0|0|0|0|0|0|MCG|0|0|00000000|0|MCG|0|0|00000000|0|MCG|0|0|00000000|0
95|D|MANSUETTI|GOLD RUN SNOWMOBILE,INC.-W/CD|978007295788|290007295788|978-0-07-295788-4| |MCG|IRWIN|4TH 05|OP|109.30|New|82.00|Used|.00| |.00| |.00| |.00| | |0|0|.00|00000000|00000000|0|0|.00|00000000|00000000|0|0|.00|00000000|00000000|0|0|T14|Test 2014|0|0|0|10|T| | | |0|0|0|0|0|0|0|0|0|0|0|MCG|0|0|00000000|0|MCG|0|0|00000000|0|MCG|0|0|00000000|0
96|D|KAZANTZAKIS|LAST TEMPTATION OF CHRIST|978068485256|290068485256|978-0-684-85256-0| |S+S|TOUCHSTONE|60| |17.00|New|12.75|Used|.00| |.00| |.00| |.00| | |0|0|.00|00000000|00000000|0|0|.00|00000000|00000000|0|0|.00|00000000|00000000|0|0|T14|Test 2014|0|0|0|10|T| | | |0|0|0|0|0|0|0|0|0|0|0|MCG|0|0|00000000|0|MCG|0|0|00000000|0|MCG|0|0|00000000|0
97|D|BECKWITH|EARLY CHRIST.+BYZANTINE ART-(W/405 PGS)|978030005296|290030005296|978-0-300-05296-1| |TRILITERAL|PELICAN|(2ND)79|OP|42.65|New|32.00|Used|.00| |.00| |.00| |.00| | |0|0|.00|00000000|00000000|0|0|.00|00000000|00000000|0|0|.00|00000000|00000000|0|0|T14|Test 2014|0|0|0|10|T| | | |-3|0|10|0|0|0|3|0|0|0|0|MCG|0|0|00000000|0|MCG|0|0|00000000|0|MCG|0|0|00000000|0
98|D|LESTER|DAY OF TEARS:NOVEL IN DIALOGUE|978078680490|290078680490|978-0-7868-0490-0| |HACHETTE B|HYPERION|05| |16.00|New|12.00|Used|.00| |.00| |.00| |.00| | |0|0|.00|00000000|00000000|0|0|.00|00000000|00000000|0|0|.00|00000000|00000000|0|0|T14|Test 2014|0|0|0|55|T| | | |-10|0|-5|0|0|0|2|0|2|0|0|MCG|0|0|00000000|0|MCG|0|0|00000000|0|MCG|0|0|00000000|0
99|D|MAKAGON|WHERE THE BALL DROPS|978081664276|290081664276|978-0-8166-4276-2| |UCP|U OF MN|04| |21.35|New|16.00|Used|.00| |.00| |.00| |.00| | |0|0|.00|00000000|00000000|0|0|.00|00000000|00000000|0|0|.00|00000000|00000000|0|0|T14|Test 2014|0|150|0|87|T| | | |-2|0|0|0|0|0|2|0|0|0|0|MCG|0|0|00000000|0|MCG|0|0|00000000|0|MCG|0|0|00000000|0
100|D|OTTOBONI|DOSE MAKES THE POISON|978047038112|290047038112|978-0-470-38112-0| |WILEY|VNR|3RD 11| |34.05|New|25.50|Used|.00| |.00| |.00| |.00| | |0|0|.00|00000000|00000000|0|0|.00|00000000|00000000|0|0|.00|00000000|00000000|0|0|T14|Test 2014|0|0|0|10|T| | | |0|0|0|0|0|0|0|0|0|0|0|MCG|0|0|00000000|0|MCG|0|0|00000000|0|MCG|0|0|00000000|0
101|D|NICHOLLS|DRUM BOOK|978087930940|290087930940|978-0-87930-940-4| |LEONARD H|BACKBEAT B|REV 08| |25.00|New|18.75|Used|.00| |.00| |.00| |.00| | |0|0|.00|00000000|00000000|0|0|.00|00000000|00000000|0|0|.00|00000000|00000000|0|0|T14|Test 2014|0|0|0|10|T| | | |0|0|0|0|0|0|0|0|0|0|0|MCG|0|0|00000000|0|MCG|0|0|00000000|0|MCG|0|0|00000000|0
102|D|ROSS|OREO|978155553464|290155553464|978-1-5555346-4-6| |U NEW ENG|NE U PR|74|OP|22.95|New|17.20|Used|.00| |.00| |.00| |.00| | |0|0|.00|00000000|00000000|0|0|.00|00000000|00000000|0|0|.00|00000000|00000000|0|0|T14|Test 2014|0|0|0|10|T| | | |-3|0|2|0|0|0|3|0|0|0|0|MCG|0|0|00000000|0|MCG|0|0|00000000|0|MCG|0|0|00000000|0
103|D|GREEN|INSIDE SCOOP|978160554004|290160554004|978-1-6055400-4-7| |PERSEUS D|REDLEAF PR|09| |17.95|New|13.45|Used|.00| |.00| |.00| |.00| | |0|0|.00|00000000|00000000|0|0|.00|00000000|00000000|0|0|.00|00000000|00000000|0|0|T14|Test 2014|0|0|0|10|T| | | |1|0|9|0|0|0|0|0|0|0|0|MCG|0|0|00000000|0|MCG|0|0|00000000|0|MCG|0|0|00000000|0
104|D|KLAUSEN|CARTOONS THAT SHOCK THE WORLD|978030012472|290030012472|978-0-300-12472-9| |TRILITERAL|YALE|09|OP|35.00|New|26.25|Used|.00| |.00| |.00| |.00| | |0|0|.00|00000000|00000000|0|0|.00|00000000|00000000|0|0|.00|00000000|00000000|0|0|T14|Test 2014|0|0|0|10|T| | | |6|0|4|0|0|0|0|0|0|0|0|MCG|0|0|00000000|0|MCG|0|0|00000000|0|MCG|0|0|00000000|0
105|D|MCCARTHY|CIVIL WAR COMMANDS|979852852852|291852852852|979-8-5285285-2-6| |PEARSON| | | |60.00|New|45.00|Used|.00| |.00| |.00| |.00| | |0|0|.00|00000000|00000000|0|0|.00|00000000|00000000|0|0|.00|00000000|00000000|0|0|T14|Test 2014|0|0|0|10|T| | | |-2|0|0|0|0|0|3|0|0|0|0|MCG|0|0|00000000|0|MCG|0|0|00000000|0|MCG|0|0|00000000|0
106|D|HARVEY|ODYSSEY OF THE HEART|978080583898|290080583898|978-0-8058-3898-5| |TAYLOR|ERLBAUM|2ND 02| |55.40|New|41.55|Used|.00| |.00| |.00| |.00| | |0|0|.00|00000000|00000000|0|0|.00|00000000|00000000|0|0|.00|00000000|00000000|0|0|T14|Test 2014|0|0|0|10|T| | | |3|0|7|0|0|0|0|0|0|0|0|MCG|0|0|00000000|0|MCG|0|0|00000000|0|MCG|0|0|00000000|0
107|D|SONNTAG|INTRO.TO THERMODYNAMICS-TEXT|281000172484|282000172484|281-000172484-7| |WILEY|WILEY|3RD 91|OP|233.35|New|175.00|Used|.00| |.00| |.00| |.00| | |0|0|.00|00000000|00000000|0|0|.00|00000000|00000000|0|0|.00|00000000|00000000|0|0|T14|Test 2014|0|0|0|10|T| | | |0|0|10|0|0|0|0|0|0|0|0|MCG|0|0|00000000|0|MCG|0|0|00000000|0|MCG|0|0|00000000|0
108|D|YE|GROWING UP IN THE PEOPLE'S REPUBLIC|978140396996|290140396996|978-1-4039699-6-5| |SPRINGER|PALGRAVE M|05| |38.00|New|28.50|Used|.00| |.00| |.00| |.00| | |0|0|.00|00000000|00000000|0|0|.00|00000000|00000000|0|0|.00|00000000|00000000|0|0|T14|Test 2014|0|0|0|10|T| | | |0|0|5|0|0|0|0|0|0|0|0|MCG|0|0|00000000|0|MCG|0|0|00000000|0|MCG|0|0|00000000|0
109|D|WATSON|HOW HONESTY PAYS|978027598787|290027598787|978-0-275-98787-9| |ABC CLIO|PRAEGER|05| |49.05|New|36.80|Used|.00| |.00| |.00| |.00| | |0|0|.00|00000000|00000000|0|0|.00|00000000|00000000|0|0|.00|00000000|00000000|0|0|T14|Test 2014|0|0|0|10|T| | | |0|0|10|0|0|0|0|0|0|0|0|MCG|0|0|00000000|0|MCG|0|0|00000000|0|MCG|0|0|00000000|0
110|D|LABUTE|DISTANCE FROM HERE|978158567371|290158567371|978-1-5856737-1-1| |NORTON|TUSK IVOR|03| |14.95|New|11.20|Used|.00| |.00| |.00| |.00| | |0|0|.00|00000000|00000000|0|0|.00|00000000|00000000|0|0|.00|00000000|00000000|0|0|T14|Test 2014|0|0|0|10|T| | | |9|0|1|0|0|0|0|0|0|0|0|MCG|0|0|00000000|0|MCG|0|0|00000000|0|MCG|0|0|00000000|0
111|D|CLARK|FIRE FIGHTING PRINCIPLES+PRACTICES|978087814920|290087814920|978-0-87814-920-9| |PENNWELL|FIRE ENG|2ND 91| |52.25|New|39.20|Used|.00| |.00| |.00| |.00| | |0|0|.00|00000000|00000000|0|0|.00|00000000|00000000|0|0|.00|00000000|00000000|0|0|T14|Test 2014|0|0|0|10|T| | | |1|0|0|0|0|0|0|0|0|0|0|MCG|0|0|00000000|0|MCG|0|0|00000000|0|MCG|0|0|00000000|0
112|D|PENCE|CLONING AFTER DOLLY:WHO'S STILL AFRAID?|978074253408|290074253408|978-0-7425-3408-7| |RLPG|ROWMAN|05| |28.80|New|21.60|Used|.00| |.00| |.00| |.00| | |0|0|.00|00000000|00000000|0|0|.00|00000000|00000000|0|0|.00|00000000|00000000|0|0|T14|Test 2014|0|0|0|10|T| | | |3|0|3|0|0|0|0|0|0|0|0|MCG|0|0|00000000|0|MCG|0|0|00000000|0|MCG|0|0|00000000|0
113|D|THOMPSON|COME ON SHORE+WE WILL KILL,EAT YOU ALL|978159691126|290159691126|978-1-5969112-6-0| |MAC HIGHER|BLOOMSBURY|08|OP|25.00|New|18.75|Used|.00| |.00| |.00| |.00| | |0|0|.00|00000000|00000000|0|0|.00|00000000|00000000|0|0|.00|00000000|00000000|0|0|T14|Test 2014|0|0|0|10|T| | | |0|0|10|0|0|0|0|0|0|0|0|MCG|0|0|00000000|0|MCG|0|0|00000000|0|MCG|0|0|00000000|0
114|D|BURROWS|BURROWS TXBK.OF MICROBIOLOGY|281000062231|282000062231|281-000062231-1| |ELSEVIER|SAUNDERS|22ND 85| |91.70|New|68.80|Used|.00| |.00| |.00| |.00| | |0|0|.00|00000000|00000000|0|0|.00|00000000|00000000|0|0|.00|00000000|00000000|0|0|T14|Test 2014|0|0|0|10|T| | | |3|0|3|0|0|0|0|0|0|0|0|MCG|0|0|00000000|0|MCG|0|0|00000000|0|MCG|0|0|00000000|0
115|D|KURZWEIL|FANTASTIC VOYAGE|978157954954|290157954954|978-1-5795495-4-1| |MAC HIGHER|RODALE|04| |24.95|New|18.70|Used|.00| |.00| |.00| |.00| | |0|0|.00|00000000|00000000|0|0|.00|00000000|00000000|0|0|.00|00000000|00000000|0|0|T14|Test 2014|0|0|0|10|T| | | |8|0|2|0|0|0|0|0|0|0|0|MCG|0|0|00000000|0|MCG|0|0|00000000|0|MCG|0|0|00000000|0
116|D|RIDER|DO YOU WANT TO RIDE A SUB?|979147147147|291147147147|979-1-4714714-7-5| |PEARSON| | | |46.65|New|35.00|Used|.00| |.00| |.00| |.00| | |0|0|.00|00000000|00000000|0|0|.00|00000000|00000000|0|0|.00|00000000|00000000|0|0|T14|Test 2014|0|0|0|10|T| | | |0|0|8|0|0|0|0|0|0|0|0|MCG|0|0|00000000|0|MCG|0|0|00000000|0|MCG|0|0|00000000|0
117|D|PIERMATTEI|ATLAS OF SURGICAL APPR.TO BONES...DOG..|978072168707|290072168707|978-0-7216-8707-0| |ELSEVIER|SAUNDERS|4TH 04|OE|138.65|New|104.00|Used|.00| |.00| |.00| |.00| | |0|0|.00|00000000|00000000|0|0|.00|00000000|00000000|0|0|.00|00000000|00000000|0|0|T14|Test 2014|0|0|0|10|T| | | |4|0|4|0|0|0|0|0|0|0|0|MCG|0|0|00000000|0|MCG|0|0|00000000|0|MCG|0|0|00000000|0
118|D|SUDKAMP|LANGUAGES+MACHINES|978032132221|290032132221|978-0-321-32221-0| |PEARSON|A-W|3RD 06| |167.80|New|125.85|Used|.00| |.00| |.00| |.00| | |0|0|.00|00000000|00000000|0|0|.00|00000000|00000000|0|0|.00|00000000|00000000|0|0|T14|Test 2014|0|0|0|10|T| | | |0|0|10|0|0|0|0|0|0|0|0|MCG|0|0|00000000|0|MCG|0|0|00000000|0|MCG|0|0|00000000|0
119|D|ADLER|INTERPLAY-TEXT|978019537959|290019537959|978-0-19-537959-4| |OXF|OXF|11TH 10|OE|90.60|New|67.95|Used|.00| |.00| |.00| |.00| | |0|0|.00|00000000|00000000|0|0|.00|00000000|00000000|0|0|.00|00000000|00000000|0|0|T14|Test 2014|20|20|0|145|T| | | |7|0|0|0|0|0|3|0|0|0|0|MCG|0|0|00000000|0|MCG|0|0|00000000|0|MCG|0|0|00000000|0
120|D|BALLENGER|CURIOUS WRITER-TEXT (CL)|978020570764|290020570764|978-0-205-70764-5| |PEARSON|LONGMAN|3RD 11|OE|110.60|New|82.95|Used|.00| |.00| |.00| |.00| | |0|0|.00|00000000|00000000|0|0|.00|00000000|00000000|0|0|.00|00000000|00000000|0|0|T14|Test 2014|0|0|0|10|T| | | |5|0|5|0|0|0|0|0|0|0|0|MCG|0|0|00000000|0|MCG|0|0|00000000|0|MCG|0|0|00000000|0
121|D|MCCLAVE|STATISTICS-W/ACCESS|978013712908|290013712908|978-0-13-712908-9| |PEARSON|A-W|11TH 09|OE|174.65|New|131.00|Used|.00| |.00| |.00| |.00| | |0|0|.00|00000000|00000000|0|0|.00|00000000|00000000|0|0|.00|00000000|00000000|0|0|T14|Test 2014|0|0|0|10|T| | | |8|0|0|0|0|0|0|0|0|0|0|MCG|0|0|00000000|0|MCG|0|0|00000000|0|MCG|0|0|00000000|0
122|D|FLETCHER|FOUND.OF HIGHER MATHEMATICS|978053495166|290053495166|978-0-534-95166-5| |CENGAGE L|PWS-KENT|3RD 96| |393.35|New|255.70|Used|.00| |.00| |.00| |.00| | |0|0|.00|00000000|00000000|0|0|.00|00000000|00000000|0|0|.00|00000000|00000000|0|0|T14|Test 2014|0|0|0|10|T| | | |0|0|2|0|0|0|0|0|0|0|0|MCG|0|0|00000000|0|MCG|0|0|00000000|0|MCG|0|0|00000000|0
123|D|OCONNOR|STARRY NIGHT ACTIVITY WORKBOOK-CD (SW)|978032166735|290032166735|978-0-321-66735-9| |PEARSON|A-W|10|OP|21.60|New|16.20|Used|.00| |.00| |.00| |.00| | |0|0|.00|00000000|00000000|0|0|.00|00000000|00000000|0|0|.00|00000000|00000000|0|0|T14|Test 2014|0|0|0|10|T| | | |2|0|2|0|0|0|0|0|0|0|0|MCG|0|0|00000000|0|MCG|0|0|00000000|0|MCG|0|0|00000000|0
124|D|SELLNOW|RHETORICAL POWER OF POPULAR CULTURE|978141291541|290141291541|978-1-4129154-1-0| |SAGE|SAGE|10|OE|66.15|New|49.60|Used|.00| |.00| |.00| |.00| | |0|0|.00|00000000|00000000|0|0|.00|00000000|00000000|0|0|.00|00000000|00000000|0|0|T14|Test 2014|0|0|0|10|T| | | |-1|0|1|0|0|0|1|0|0|0|0|MCG|0|0|00000000|0|MCG|0|0|00000000|0|MCG|0|0|00000000|0
125|D|STEINBERG|ADOLESCENCE|978007353203|290007353203|978-0-07-353203-5| |MCG|MCG|9TH 11|OE|248.20|New|186.15|Used|.00| |.00| |.00| |.00| | |0|0|.00|00000000|00000000|0|0|.00|00000000|00000000|0|0|.00|00000000|00000000|0|0|T14|Test 2014|0|0|0|10|T| | | |0|0|10|0|0|0|0|0|0|0|0|MCG|0|0|00000000|0|MCG|0|0|00000000|0|MCG|0|0|00000000|0
126|D|FOY|HOMER SIMPSON GOES TO WASHINGTON|978081312512|290081312512|978-0-8131-2512-1| |HOPKINS F|U PR OF KY|08| |53.35|New|40.00|Used|.00| |.00| |.00| |.00| | |0|0|.00|00000000|00000000|0|0|.00|00000000|00000000|0|0|.00|00000000|00000000|0|0|T14|Test 2014|0|0|0|10|T| | | |0|0|4|0|0|0|0|0|0|0|0|MCG|0|0|00000000|0|MCG|0|0|00000000|0|MCG|0|0|00000000|0
127|D|GAIMAN|GRAVEYARD BOOK|978006053092|290006053092|978-0-06-053092-1| |HARP PUB|HARP|08| |18.00|New|13.50|Used|.00| |.00| |.00| |.00| | |0|0|.00|00000000|00000000|0|0|.00|00000000|00000000|0|0|.00|00000000|00000000|0|0|T14|Test 2014|0|0|0|10|T| | | |5|0|5|0|0|0|0|0|0|0|0|MCG|0|0|00000000|0|MCG|0|0|00000000|0|MCG|0|0|00000000|0
128|D|FERLAND|DISCRETE MATHEMATICS|978061841538|290061841538|978-0-618-41538-0| |CENGAGE L|B/C|09| |282.00|New|183.30|Used|.00| |.00| |.00| |.00| | |0|0|.00|00000000|00000000|0|0|.00|00000000|00000000|0|0|.00|00000000|00000000|0|0|T14|Test 2014|0|0|0|10|T| | | |0|0|1|0|0|0|0|0|0|0|0|MCG|0|0|00000000|0|MCG|0|0|00000000|0|MCG|0|0|00000000|0
129|D|FOWLER|LITTLE,BROWN HANDBOOK-TEXT|978020565171|290020565171|978-0-205-65171-9| |PEARSON|LONGMAN|11TH 10|OE|100.00|New|75.00|Used|.00| |.00| |.00| |.00| | |0|0|.00|00000000|00000000|0|0|.00|00000000|00000000|0|0|.00|00000000|00000000|0|0|T14|Test 2014|0|0|0|10|T| | | |0|0|3|0|0|0|0|0|0|0|0|MCG|0|0|00000000|0|MCG|0|0|00000000|0|MCG|0|0|00000000|0
130|D|GAZZANIGA|PSYCHOLOGICAL SCIENCE (PB)|978039393421|290039393421|978-0-393-93421-2| |NORTON|NORTON|3RD 10|OE|119.35|New|89.50|Used|.00| |.00| |.00| |.00| | |0|0|.00|00000000|00000000|0|0|.00|00000000|00000000|0|0|.00|00000000|00000000|0|0|T14|Test 2014|0|0|0|10|T| | | |4|0|6|0|0|0|0|0|0|0|0|MCG|0|0|00000000|0|MCG|0|0|00000000|0|MCG|0|0|00000000|0
131|D|KEYTON|COMMUNICATION RESEARCH|978007340676|290007340676|978-0-07-340676-3| |MCG|MCG|3RD 11|OE|221.45|New|166.10|Used|.00| |.00| |.00| |.00| | |0|0|.00|00000000|00000000|0|0|.00|00000000|00000000|0|0|.00|00000000|00000000|0|0|T14|Test 2014|0|0|0|10|T| | | |5|0|5|0|0|0|0|0|0|0|0|MCG|0|0|00000000|0|MCG|0|0|00000000|0|MCG|0|0|00000000|0
132|D|LIAL|MATHEMATICS WITH APPLICATIONS|978032164553|290032164553|978-0-321-64553-1| |PEARSON|A-W|10TH 11|OE|217.00|New|162.75|Used|.00| |.00| |.00| |.00| | |0|0|.00|00000000|00000000|0|0|.00|00000000|00000000|0|0|.00|00000000|00000000|0|0|T14|Test 2014|0|0|0|10|T| | | |10|0|0|0|0|0|0|0|0|0|0|MCG|0|0|00000000|0|MCG|0|0|00000000|0|MCG|0|0|00000000|0
133|D|MAY|EFFECTIVE WRITING|978013602908|290013602908|978-0-13-602908-3| |PEARSON|PH|8TH 09|OE|60.00|New|45.00|Used|.00| |.00| |.00| |.00| | |0|0|.00|00000000|00000000|0|0|.00|00000000|00000000|0|0|.00|00000000|00000000|0|0|T14|Test 2014|0|0|0|10|T| | | |0|0|9|0|0|0|0|0|0|0|0|MCG|0|0|00000000|0|MCG|0|0|00000000|0|MCG|0|0|00000000|0
134|D|LUCAS|ART OF PUBLIC SPEAKING|978007730629|290007730629|978-0-07-730629-8| |MCG|MCG|10TH 09|OE|209.65|New|157.25|Used|.00| |.00| |.00| |.00| | |0|0|.00|00000000|00000000|0|0|.00|00000000|00000000|0|0|.00|00000000|00000000|0|0|T14|Test 2014|0|0|0|10|T| | | |0|0|10|0|0|0|0|0|0|0|0|MCG|0|0|00000000|0|MCG|0|0|00000000|0|MCG|0|0|00000000|0
135|D|BAUER|THIS FAMILY IS DRIVING ME CRAZY|978039925040|290039925040|978-0-399-25040-8| |PENG RAND|PUTNAM|09| |18.00|New|13.50|Used|.00| |.00| |.00| |.00| | |0|0|.00|00000000|00000000|0|0|.00|00000000|00000000|0|0|.00|00000000|00000000|0|0|T14|Test 2014|0|150|0|25|T| | | |-1|0|0|0|0|0|0|0|0|0|0|MCG|0|0|00000000|0|MCG|0|0|00000000|0|MCG|0|0|00000000|0
136|D|MCCARTHY|WILLFUL BLINDNESS|978159403213|290159403213|978-1-5940321-3-4| |PERSEUS D|ENCOUNTER|08| |25.95|New|19.45|Used|.00| |.00| |.00| |.00| | |0|0|.00|00000000|00000000|0|0|.00|00000000|00000000|0|0|.00|00000000|00000000|0|0|T14|Test 2014|0|0|0|10|T| | | |8|0|2|0|0|0|0|0|0|0|0|MCG|0|0|00000000|0|MCG|0|0|00000000|0|MCG|0|0|00000000|0
137|D|PIXLEY|FREAK|978037432453|290037432453|978-0-374-32453-7| |MAC HIGHER|FS+G|07| |17.00|New|12.75|Used|.00| |.00| |.00| |.00| | |0|0|.00|00000000|00000000|0|0|.00|00000000|00000000|0|0|.00|00000000|00000000|0|0|T14|Test 2014|0|0|0|10|T| | | |8|0|0|0|0|0|0|0|0|0|0|MCG|0|0|00000000|0|MCG|0|0|00000000|0|MCG|0|0|00000000|0
138|D|BENJAMIN|BONDS OF LOVE|978039475730|290039475730|978-0-394-75730-8| |PENG RAND|PANTHEON|88| |21.30|New|16.00|Used|.00| |.00| |.00| |.00| | |0|0|.00|00000000|00000000|0|0|.00|00000000|00000000|0|0|.00|00000000|00000000|0|0|T14|Test 2014|0|0|0|10|T| | | |10|0|0|0|0|0|0|0|0|0|0|MCG|0|0|00000000|0|MCG|0|0|00000000|0|MCG|0|0|00000000|0
139|D|ROBINSON|INTRO.TO HELPING ADULTS LEARN+CHANGE|978187783728|290187783728|978-1-8778372-8-9| |OMNIBOOK|BIBLE STDY|REV 94|OP|22.95|New|17.20|Used|.00| |.00| |.00| |.00| | |0|0|.00|00000000|00000000|0|0|.00|00000000|00000000|0|0|.00|00000000|00000000|0|0|T14|Test 2014|0|0|0|10|T| | | |-9|0|-5|0|0|0|0|0|0|0|0|MCG|0|0|00000000|0|MCG|0|0|00000000|0|MCG|0|0|00000000|0
140|D|GIESECKE|PRINCIPLES OF ENGINEERING GRAPHICS|978002342820|290002342820|978-0-02-342820-3| |PEARSON|PH|2ND 94| |117.35|New|88.00|Used|.00| |.00| |.00| |.00| | |0|0|.00|00000000|00000000|0|0|.00|00000000|00000000|0|0|.00|00000000|00000000|0|0|T14|Test 2014|0|0|0|0|T| | | |-3|0|0|0|0|0|3|0|0|0|0|MCG|0|0|00000000|0|MCG|0|0|00000000|0|MCG|0|0|00000000|0
141|D|ABADINSKY|LAW+JUSTICE:INTRO.TO AM.LEGAL SYSTEM|978013232863|290013232863|978-0-13-232863-0| |PEARSON|PH|6TH 08|OE|132.80|New|99.60|Used|.00| |.00| |.00| |.00| | |0|0|.00|00000000|00000000|0|0|.00|00000000|00000000|0|0|.00|00000000|00000000|0|0|T14|Test 2014|0|0|0|20|T| | | |-5|0|-1|0|0|0|3|0|0|0|0|MCG|0|0|00000000|0|MCG|0|0|00000000|0|MCG|0|0|00000000|0
142|D|BABBIE|PRACTICE OF SOCIAL RESEARCH|978049509325|290049509325|978-0-495-09325-1| |CENGAGE L|WAD|11TH 07|OE|173.70|New|112.95|Used|.00| |.00| |.00| |.00| | |0|0|.00|00000000|00000000|0|0|.00|00000000|00000000|0|0|.00|00000000|00000000|0|0|T14|Test 2014|0|0|0|0|T| | | |-3|0|0|0|0|0|3|0|0|0|0|MCG|0|0|00000000|0|MCG|0|0|00000000|0|MCG|0|0|00000000|0
143|D|LAFAVE|CRIMINAL LAW:HORNBK.|978031424817|290031424817|978-0-314-24817-6| |WEST ACAD|WEST LAW|3RD 00|OE|52.00|New|39.00|Used|.00| |.00| |.00| |.00| | |0|0|.00|00000000|00000000|0|0|.00|00000000|00000000|0|0|.00|00000000|00000000|0|0|T14|Test 2014|0|0|0|10|T| | | |-4|0|0|0|0|0|4|0|0|0|0|MCG|0|0|00000000|0|MCG|0|0|00000000|0|MCG|0|0|00000000|0
144|D|GAY|CULTIVATION OF HATRED|978039331224|290039331224|978-0-393-31224-9| |INGRAM|NORTON|93| |21.35|New|16.00|Used|.00| |.00| |.00| |.00| | |0|0|.00|00000000|00000000|0|0|.00|00000000|00000000|0|0|.00|00000000|00000000|0|0|T14|Test 2014|0|0|0|10|T| | | |-4|0|0|0|0|0|4|0|0|0|0|MCG|0|0|00000000|0|MCG|0|0|00000000|0|MCG|0|0|00000000|0
145|D|ABBEDUTO|TAKING SIDES:EDUCATIONAL PSYCHOLOGY|978007738610|290007738610|978-0-07-738610-8| |MCG|MCG|6TH 10|OE|60.00|New|45.00|Used|.00| |.00| |.00| |.00| | |0|0|.00|00000000|00000000|0|0|.00|00000000|00000000|0|0|.00|00000000|00000000|0|0|T14|Test 2014|0|0|0|15|T| | | |0|0|-1|0|0|0|0|1|0|0|0|MCG|0|0|00000000|0|MCG|0|0|00000000|0|MCG|0|0|00000000|0
146|D|ALLOWAY|SNIFFY,VIRTUAL RAT:LITE VERS.3.0-W/CD|978111172617|290111172617|978-1-1117261-7-1| |CENGAGE L|WAD|(3RD)12| |74.00|New|48.10|Used|.00| |.00| |.00| |.00| | |0|0|.00|00000000|00000000|0|0|.00|00000000|00000000|0|0|.00|00000000|00000000|0|0|T14|Test 2014|0|0|0|30|T| | | |0|0|0|0|0|0|0|0|0|0|0|MCG|0|0|00000000|0|MCG|0|0|00000000|0|MCG|0|0|00000000|0
147|D|AGRESTI|STATISTICAL METHODS F/SOCIAL SCIENCES|978013027295|290013027295|978-0-13-027295-9| |PEARSON|PH|4TH 09| |209.20|New|156.90|Used|.00| |.00| |.00| |.00| | |0|0|.00|00000000|00000000|0|0|.00|00000000|00000000|0|0|.00|00000000|00000000|0|0|T14|Test 2014|0|150|0|55|T| | | |0|0|-3|0|0|0|0|1|0|0|0|MCG|0|0|00000000|0|MCG|0|0|00000000|0|MCG|0|0|00000000|0
148|D|ABERTH|BLACK DEATH:GREAT MORTAL.OF 1348-1350|978031240087|290031240087|978-0-312-40087-3| |MAC HIGHER|BEDFORD BK|05|NE|22.00|New|16.50|Used|.00| |.00| |.00| |.00| | |0|0|.00|00000000|00000000|0|0|.00|00000000|00000000|0|0|.00|00000000|00000000|0|0|T14|Test 2014|0|0|0|10|T| | | |0|0|0|0|0|0|0|0|0|0|0|MCG|0|0|00000000|0|MCG|0|0|00000000|0|MCG|0|0|00000000|0
149|D|ADLER|STUDY OF ORCHESTRATION|978039397572|290039397572|978-0-393-97572-7| |NORTON|NORTON|3RD 02|NE|111.10|New|83.35|Used|.00| |.00| |.00| |.00| | |0|0|.00|00000000|00000000|0|0|.00|00000000|00000000|0|0|.00|00000000|00000000|0|0|T14|Test 2014|0|0|0|25|T| | | |0|0|0|0|0|0|0|0|0|0|0|MCG|0|0|00000000|0|MCG|0|0|00000000|0|MCG|0|0|00000000|0
150|D|AAOS|EMER.CARE+TRANSPRT.OF SICK...(PB)-TEXT|978076377828|290076377828|978-0-7637-7828-6| |JONES+BART|JONES+BART|10TH 11|OP|120.00|New|90.00|Used|.00| |.00| |.00| |.00| | |0|0|.00|00000000|00000000|0|0|.00|00000000|00000000|0|0|.00|00000000|00000000|0|0|T14|Test 2014|0|0|0|45|T| | | |-1|0|-1|0|0|0|0|0|0|0|0|MCG|0|0|00000000|0|MCG|0|0|00000000|0|MCG|0|0|00000000|0
151|D|ANZALDUA|BORDERLANDS/LA FRONTERA|978187996074|290187996074|978-1-8799607-4-9| |SMALL PR D|AUNT LUTE|3RD 07|OE|18.10|New|13.60|Used|.00| |.00| |.00| |.00| | |0|0|.00|00000000|00000000|0|0|.00|00000000|00000000|0|0|.00|00000000|00000000|0|0|T14|Test 2014|0|0|0|60|T| | | |0|0|0|0|0|0|0|0|0|0|0|MCG|0|0|00000000|0|MCG|0|0|00000000|0|MCG|0|0|00000000|0
152|D|ANSEL|PHARMACEUTICAL CALCULATIONS|978158255837|290158255837|978-1-5825583-7-0| |LIPP/W+W|W+W|13TH 10|OE|89.60|New|67.20|Used|.00| |.00| |.00| |.00| | |0|0|.00|00000000|00000000|0|0|.00|00000000|00000000|0|0|.00|00000000|00000000|0|0|T14|Test 2014|0|0|0|55|T| | | |0|0|0|0|0|0|0|0|0|0|0|MCG|0|0|00000000|0|MCG|0|0|00000000|0|MCG|0|0|00000000|0
153|D|ANDERSON|LITERATURE+ENVIRONMENT|978032101149|290032101149|978-0-321-01149-7| |PEARSON|LONGMAN|99|OE|85.00|New|63.75|Used|.00| |.00| |.00| |.00| | |0|0|.00|00000000|00000000|0|0|.00|00000000|00000000|0|0|.00|00000000|00000000|0|0|T14|Test 2014|0|0|0|50|T| | | |-1|0|0|0|0|0|0|0|0|0|0|MCG|0|0|00000000|0|MCG|0|0|00000000|0|MCG|0|0|00000000|0
154|D|AMMON|SPORT FACILITY MGMT.:ORGAN.EVENTS...|978193541207|290193541207|978-1-9354120-7-6| |FITNESS I|FITNESS I|2ND 10|NE|66.15|New|49.60|Used|.00| |.00| |.00| |.00| | |0|0|.00|00000000|00000000|0|0|.00|00000000|00000000|0|0|.00|00000000|00000000|0|0|T14|Test 2014|0|0|0|40|T| | | |0|0|0|0|0|0|0|0|0|0|0|MCG|0|0|00000000|0|MCG|0|0|00000000|0|MCG|0|0|00000000|0
155|D|ARNTSON|GRAPHIC DESIGN BASICS-W/ACCESS|978049591207|290049591207|978-0-495-91207-1| |CENGAGE L|WAD|6TH 12| |208.00|New|135.20|Used|.00| |.00| |.00| |.00| | |0|0|.00|00000000|00000000|0|0|.00|00000000|00000000|0|0|.00|00000000|00000000|0|0|T14|Test 2014|0|0|0|15|T| | | |0|0|0|0|0|0|0|0|0|0|0|MCG|0|0|00000000|0|MCG|0|0|00000000|0|MCG|0|0|00000000|0
156|D|ASHCROFT|LAW FOR BUSINESS|978032478653|290032478653|978-0-324-78653-8| |CENGAGE L|S-W|17TH 11|OE|271.70|New|176.65|Used|.00| |.00| |.00| |.00| | |0|0|.00|00000000|00000000|0|0|.00|00000000|00000000|0|0|.00|00000000|00000000|0|0|T14|Test 2014|0|0|0|25|T| | | |0|0|0|0|0|0|0|0|0|0|0|MCG|0|0|00000000|0|MCG|0|0|00000000|0|MCG|0|0|00000000|0
157|D|AUVIL|PERSPECTIVE DRAWING|978155934697|290155934697|978-1-5593469-7-9| |MCG|MAYFIELD|2ND 97|OP|75.00|New|56.25|Used|.00| |.00| |.00| |.00| | |0|0|.00|00000000|00000000|0|0|.00|00000000|00000000|0|0|.00|00000000|00000000|0|0|T14|Test 2014|0|0|0|20|T| | | |0|0|0|0|0|0|0|0|0|0|0|MCG|0|0|00000000|0|MCG|0|0|00000000|0|MCG|0|0|00000000|0
158|D|BADER|BADER READING+LANGUAGE INVENTORY-W/DVD|978013500553|290013500553|978-0-13-500553-8| |PEARSON|PH|6TH 09|OE|66.60|New|49.95|Used|.00| |.00| |.00| |.00| | |0|0|.00|00000000|00000000|0|0|.00|00000000|00000000|0|0|.00|00000000|00000000|0|0|T14|Test 2014|0|0|0|55|T| | | |0|0|0|0|0|0|0|0|0|0|0|MCG|0|0|00000000|0|MCG|0|0|00000000|0|MCG|0|0|00000000|0
159|D|BAIRD|THINK PSYCHOLOGY 2011|978013212840|290013212840|978-0-13-212840-7| |PEARSON|PH|(2ND)11| |116.60|New|87.45|Used|.00| |.00| |.00| |.00| | |0|0|.00|00000000|00000000|0|0|.00|00000000|00000000|0|0|.00|00000000|00000000|0|0|T14|Test 2014|0|0|0|75|T| | | |0|0|0|0|0|0|0|0|0|0|0|MCG|0|0|00000000|0|MCG|0|0|00000000|0|MCG|0|0|00000000|0
160|D|BALTZAN|M:INFORMATION SYSTEM|978007337683|290007337683|978-0-07-337683-7| |MCG|MCG|10|OE|84.30|New|63.25|Used|.00| |.00| |.00| |.00| | |0|0|.00|00000000|00000000|0|0|.00|00000000|00000000|0|0|.00|00000000|00000000|0|0|T14|Test 2014|0|0|0|65|T| | | |0|0|0|0|0|0|0|0|0|0|0|MCG|0|0|00000000|0|MCG|0|0|00000000|0|MCG|0|0|00000000|0
161|D|CANFIELD|CHICKEN SOUP FOR THE SOUL|978155874262|290155874262|978-1-5587426-2-8| |INGRAM|INGRAM|93| |14.95|New|11.20|Used|.00| |.00| |.00| |.00| | |0|0|.00|00000000|00000000|0|0|.00|00000000|00000000|0|0|.00|00000000|00000000|0|0|T14|Test 2014|0|0|0|25|T| | | |0|0|0|0|0|0|0|0|0|0|0|MCG|0|0|00000000|0|MCG|0|0|00000000|0|MCG|0|0|00000000|0
162|D|OATES|BECAUSE IT IS BITTER+BECAUSE...MY HEART|978052524860|290052524860|978-0-525-24860-6| |PENG RAND|DUTTON|90|OP|19.95|New|14.95|Used|.00| |.00| |.00| |.00| | |0|0|.00|00000000|00000000|0|0|.00|00000000|00000000|0|0|.00|00000000|00000000|0|0|T14|Test 2014|0|0|0|100|T| | | |0|0|0|0|0|0|0|0|0|0|0|MCG|0|0|00000000|0|MCG|0|0|00000000|0|MCG|0|0|00000000|0
163|D|HENKES|ALL ALONE|978006054115|290006054115|978-0-06-054115-6| |HARP PUB|GREENWILLO|03| |17.00|New|12.75|Used|.00| |.00| |.00| |.00| | |0|0|.00|00000000|00000000|0|0|.00|00000000|00000000|0|0|.00|00000000|00000000|0|0|T14|Test 2014|20|20|0|35|T| | | |0|0|0|0|0|0|0|0|0|0|0|MCG|0|0|00000000|0|MCG|0|0|00000000|0|MCG|0|0|00000000|0
164|D|SHANNON|DAVID GOES TO SCHOOL|978059048087|290059048087|978-0-590-48087-1| |HARP PUB|BLUE SKY|99| |17.00|New|12.75|Used|.00| |.00| |.00| |.00| | |0|0|.00|00000000|00000000|0|0|.00|00000000|00000000|0|0|.00|00000000|00000000|0|0|T14|Test 2014|0|0|0|10|T| | | |0|0|0|0|0|0|0|0|0|0|0|MCG|0|0|00000000|0|MCG|0|0|00000000|0|MCG|0|0|00000000|0
165|D|ROUGH GARDEN|SELFISH ROUTING+PRICE OF ANARCHY|978026218243|290026218243|978-0-262-18243-0| |TRILITERAL|MIT PR|05| |40.55|New|30.40|Used|.00| |.00| |.00| |.00| | |0|0|.00|00000000|00000000|0|0|.00|00000000|00000000|0|0|.00|00000000|00000000|0|0|T14|Test 2014|0|0|0|35|T| | | |0|0|0|0|0|0|0|0|0|0|0|MCG|0|0|00000000|0|MCG|0|0|00000000|0|MCG|0|0|00000000|0
166|D|HICK|CLASSICAL+CONTEMP.RDGS.PHILOS.OF RELIG.|978013136904|290013136904|978-0-13-136904-7| |PEARSON|PH|3RD 90| |216.40|New|162.30|Used|.00| |.00| |.00| |.00| | |0|0|.00|00000000|00000000|0|0|.00|00000000|00000000|0|0|.00|00000000|00000000|0|0|T14|Test 2014|0|0|0|35|T| | | |0|0|0|0|0|0|0|0|0|0|0|MCG|0|0|00000000|0|MCG|0|0|00000000|0|MCG|0|0|00000000|0
167|D|OREILLY|NIXON'S PIANO|978002923685|290002923685|978-0-02-923685-7| |S+S|FREE PR|95|OP|27.50|New|20.65|Used|.00| |.00| |.00| |.00| | |0|0|.00|00000000|00000000|0|0|.00|00000000|00000000|0|0|.00|00000000|00000000|0|0|T14|Test 2014|0|0|0|15|T| | | |0|0|0|0|0|0|0|0|0|0|0|MCG|0|0|00000000|0|MCG|0|0|00000000|0|MCG|0|0|00000000|0
168|D|TOELKEN|MORNING DEW+ROSES|978025202134|290025202134|978-0-252-02134-3| |UCP|U OF IL|95| |42.00|New|31.50|Used|.00| |.00| |.00| |.00| | |0|0|.00|00000000|00000000|0|0|.00|00000000|00000000|0|0|.00|00000000|00000000|0|0|T14|Test 2014|0|0|0|20|T| | | |0|0|0|0|0|0|0|0|0|0|0|MCG|0|0|00000000|0|MCG|0|0|00000000|0|MCG|0|0|00000000|0
169|D|HOMER|HOMERI OPERA,VOL.V|978019814534|290019814534|978-0-19-814534-9| |OXF|OXF|11| |48.00|New|36.00|Used|.00| |.00| |.00| |.00| | |0|0|.00|00000000|00000000|0|0|.00|00000000|00000000|0|0|.00|00000000|00000000|0|0|T14|Test 2014|0|0|0|30|T| | | |0|0|0|0|0|0|0|0|0|0|0|MCG|0|0|00000000|0|MCG|0|0|00000000|0|MCG|0|0|00000000|0
170|D|SCOTT|MARKETING LESSONS FROM GRATEFUL DEAD|978047090052|290047090052|978-0-470-90052-9| |WILEY|WILEY|10| |21.95|New|16.45|Used|.00| |.00| |.00| |.00| | |0|0|.00|00000000|00000000|0|0|.00|00000000|00000000|0|0|.00|00000000|00000000|0|0|T14|Test 2014|0|0|0|10|T| | | |0|0|0|0|0|0|0|0|0|0|0|MCG|0|0|00000000|0|MCG|0|0|00000000|0|MCG|0|0|00000000|0
171|D|DEGER|LITTLE BOOK OF POS.QUOTES|978157749158|290157749158|978-1-5774915-8-3| |NBN|FAIRVIEW P|06| |12.95|New|9.70|Used|.00| |.00| |.00| |.00| | |0|0|.00|00000000|00000000|0|0|.00|00000000|00000000|0|0|.00|00000000|00000000|0|0|T14|Test 2014|0|0|0|25|T| | | |0|0|0|0|0|0|0|0|0|0|0|MCG|0|0|00000000|0|MCG|0|0|00000000|0|MCG|0|0|00000000|0
172|D|DAMEROW|STOREY'S GUIDE TO RAISING CHICKENS|978160342469|290160342469|978-1-6034246-9-1| |WORKMAN|STOREY BKS|4TH 10| |19.95|New|14.95|Used|.00| |.00| |.00| |.00| | |0|0|.00|00000000|00000000|0|0|.00|00000000|00000000|0|0|.00|00000000|00000000|0|0|T14|Test 2014|0|0|0|10|T| | | |0|0|0|0|0|0|0|0|0|0|0|MCG|0|0|00000000|0|MCG|0|0|00000000|0|MCG|0|0|00000000|0
173|D|WHITLEY|CAVE PAINTINGS+HUMAN SPIRIT|978159102636|290159102636|978-1-5910263-6-5| |PENG RAND|PROMETHEUS|09| |26.00|New|19.50|Used|.00| |.00| |.00| |.00| | |0|0|.00|00000000|00000000|0|0|.00|00000000|00000000|0|0|.00|00000000|00000000|0|0|T14|Test 2014|0|0|0|25|T| | | |0|0|0|0|0|0|0|0|0|0|0|MCG|0|0|00000000|0|MCG|0|0|00000000|0|MCG|0|0|00000000|0
174|D|BAYM|NORTON ANTHOL.OF AMER.LIT,VOL.D|978039392742|290039392742|978-0-393-92742-9| |NORTON|NORTON|7TH 07|OE|45.35|New|34.00|Used|.00| |.00| |.00| |.00| | |0|0|.00|00000000|00000000|0|0|.00|00000000|00000000|0|0|.00|00000000|00000000|0|0|T14|Test 2014|0|150|0|50|T| | | |0|0|0|0|0|0|0|0|0|0|0|MCG|0|0|00000000|0|MCG|0|0|00000000|0|MCG|0|0|00000000|0
175|D|BASS|TEACHING SCIENCE AS INQUIRY-W/ACCESS|978013814374|290013814374|978-0-13-814374-9| |PEARSON|A+B|11TH 09|OE|187.35|New|140.50|Used|.00| |.00| |.00| |.00| | |0|0|.00|00000000|00000000|0|0|.00|00000000|00000000|0|0|.00|00000000|00000000|0|0|T14|Test 2014|0|0|0|20|T| | | |0|0|0|0|0|0|0|0|0|0|0|MCG|0|0|00000000|0|MCG|0|0|00000000|0|MCG|0|0|00000000|0
176|D|BARRY|FINANCIAL MGMT.IN AGRICULTURE|978013503759|290013503759|978-0-13-503759-1| |PEARSON|PH|7TH 12| |147.80|New|110.85|Used|.00| |.00| |.00| |.00| | |0|0|.00|00000000|00000000|0|0|.00|00000000|00000000|0|0|.00|00000000|00000000|0|0|T14|Test 2014|0|0|0|40|T| | | |0|0|0|0|0|0|0|0|0|0|0|MCG|0|0|00000000|0|MCG|0|0|00000000|0|MCG|0|0|00000000|0
177|D|BARNETT|COLL.ALGEBRA|978007735016|290007735016|978-0-07-735016-1| |MCG|MCG|9TH 11| |235.35|New|176.50|Used|.00| |.00| |.00| |.00| | |0|0|.00|00000000|00000000|0|0|.00|00000000|00000000|0|0|.00|00000000|00000000|0|0|T14|Test 2014|20|20|0|51|T| | | |0|0|0|0|0|0|0|0|0|0|0|MCG|0|0|00000000|0|MCG|0|0|00000000|0|MCG|0|0|00000000|0
178|D|BEAUCHAMP|PRIN.OF BIOMEDICAL ETHICS|978019533570|290019533570|978-0-19-533570-5| |OXF|OXF|6TH 08|OE|69.30|New|52.00|Used|.00| |.00| |.00| |.00| | |0|0|.00|00000000|00000000|0|0|.00|00000000|00000000|0|0|.00|00000000|00000000|0|0|T14|Test 2014|0|0|0|30|T| | | |0|0|0|0|0|0|0|0|0|0|0|MCG|0|0|00000000|0|MCG|0|0|00000000|0|MCG|0|0|00000000|0
179|D|BELASCO|BEDFORD ANTHOLOGY OF AMER.LIT.,VOL.2|978031241208|290031241208|978-0-312-41208-1| |MAC HIGHER|BEDFORD BK|08|OE|73.35|New|55.00|Used|.00| |.00| |.00| |.00| | |0|0|.00|00000000|00000000|0|0|.00|00000000|00000000|0|0|.00|00000000|00000000|0|0|T14|Test 2014|0|0|0|50|T| | | |0|0|-1|0|0|0|0|1|0|0|0|MCG|0|0|00000000|0|MCG|0|0|00000000|0|MCG|0|0|00000000|0
180|D|BENEDETTI|ACTOR IN YOU|978020578123|290020578123|978-0-205-78123-2| |PEARSON|A+B|5TH 12|OE|73.80|New|55.35|Used|.00| |.00| |.00| |.00| | |0|0|.00|00000000|00000000|0|0|.00|00000000|00000000|0|0|.00|00000000|00000000|0|0|T14|Test 2014|0|0|0|65|T| | | |0|0|0|0|0|0|0|0|0|0|0|MCG|0|0|00000000|0|MCG|0|0|00000000|0|MCG|0|0|00000000|0
181|D|BENWARD|MUSIC IN THEORY+PRACTICE,V.II-W/CD|978007725495|290007725495|978-0-07-725495-7| |MCG|MCG|8TH 09|OE|147.50|New|110.65|Used|.00| |.00| |.00| |.00| | |0|0|.00|00000000|00000000|0|0|.00|00000000|00000000|0|0|.00|00000000|00000000|0|0|T14|Test 2014|0|0|0|60|T| | | |0|0|0|0|0|0|0|0|0|0|0|MCG|0|0|00000000|0|MCG|0|0|00000000|0|MCG|0|0|00000000|0
182|D|BERGER|DEVEL.PERSON THROUGH LIFE SPAN (PAPER)|978142923205|290142923205|978-1-4292320-5-0| |MAC HIGHER|WORTH|8TH 11|OE|192.65|New|144.50|Used|.00| |.00| |.00| |.00| | |0|0|.00|00000000|00000000|0|0|.00|00000000|00000000|0|0|.00|00000000|00000000|0|0|T14|Test 2014|0|0|0|10|T| | | |0|0|0|0|0|0|0|0|0|0|0|MCG|0|0|00000000|0|MCG|0|0|00000000|0|MCG|0|0|00000000|0
183|D|ZORN|LISTENING TO MUSIC-W/4 CD'S|978013005703|290013005703|978-0-13-005703-7| |PEARSON|PH|91|OE|80.45|New|60.35|Used|.00| |.00| |.00| |.00| | |0|0|.00|00000000|00000000|0|0|.00|00000000|00000000|0|0|.00|00000000|00000000|0|0|T14|Test 2014|0|0|0|11|T| | | |-1|0|-1|0|0|0|0|0|0|0|0|MCG|0|0|00000000|0|MCG|0|0|00000000|0|MCG|0|0|00000000|0
184|D|BERGER|DEVEL.PERSON THROUGH CHILDHOOD|978142921648|290142921648|978-1-4292164-8-7| |MAC HIGHER|WORTH|5TH 09|OE|117.35|New|88.00|Used|.00| |.00| |.00| |.00| | |0|0|.00|00000000|00000000|0|0|.00|00000000|00000000|0|0|.00|00000000|00000000|0|0|T14|Test 2014|0|0|0|10|T| | | |0|0|0|0|0|0|0|0|0|0|0|MCG|0|0|00000000|0|MCG|0|0|00000000|0|MCG|0|0|00000000|0
185|D|BORESI|ELASTICITY IN ENGINEERING MECHANICS|978047040255|290047040255|978-0-470-40255-9| |WILEY|WILEY|3RD 11| |170.65|New|128.00|Used|.00| |.00| |.00| |.00| | |0|0|.00|00000000|00000000|0|0|.00|00000000|00000000|0|0|.00|00000000|00000000|0|0|T14|Test 2014|0|0|0|6|T| | | |0|0|0|0|0|0|0|0|0|0|0|MCG|0|0|00000000|0|MCG|0|0|00000000|0|MCG|0|0|00000000|0
186|D|BREEN|MYNE OWNE GROUND:RACE+FREE.IN VIRGINIA|978019517537|290019517537|978-0-19-517537-0| |OXF|OXF|(2ND)05| |40.50|New|30.40|Used|.00| |.00| |.00| |.00| | |0|0|.00|00000000|00000000|0|0|.00|00000000|00000000|0|0|.00|00000000|00000000|0|0|T14|Test 2014|0|0|0|22|T| | | |0|0|0|0|0|0|0|0|0|0|0|MCG|0|0|00000000|0|MCG|0|0|00000000|0|MCG|0|0|00000000|0
187|D|BOAHEN|AFRICAN PERSPECTIVES ON COLONIALISM|978080183931|290080183931|978-0-8018-3931-3| |HOPKINS F|J HOPKINS|87| |23.45|New|17.60|Used|.00| |.00| |.00| |.00| | |0|0|.00|00000000|00000000|0|0|.00|00000000|00000000|0|0|.00|00000000|00000000|0|0|T14|Test 2014|0|0|0|15|T| | | |0|0|0|0|0|0|0|0|0|0|0|MCG|0|0|00000000|0|MCG|0|0|00000000|0|MCG|0|0|00000000|0
188|D|BURT|ELEMENTARY STATISTICS FOR GEOGRAPHERS|978157230484|290157230484|978-1-5723048-4-0| |GUILFORD|GUILFORD|3RD 09| |105.60|New|79.20|Used|.00| |.00| |.00| |.00| | |0|0|.00|00000000|00000000|0|0|.00|00000000|00000000|0|0|.00|00000000|00000000|0|0|T14|Test 2014|0|0|0|66|T| | | |0|0|0|0|0|0|0|0|0|0|0|MCG|0|0|00000000|0|MCG|0|0|00000000|0|MCG|0|0|00000000|0
189|D|CARTER|DIGITAL RADIOGRAPHY+PACS-REV.REPRINT|978032307221|290032307221|978-0-323-07221-2| |ELSEVIER|MOSBY|10|OE|76.75|New|57.55|Used|.00| |.00| |.00| |.00| | |0|0|.00|00000000|00000000|0|0|.00|00000000|00000000|0|0|.00|00000000|00000000|0|0|T14|Test 2014|0|0|0|77|T| | | |0|0|0|0|0|0|0|0|0|0|0|MCG|0|0|00000000|0|MCG|0|0|00000000|0|MCG|0|0|00000000|0
190|D|ADAMS|ART ACROSS TIME,V.I|978007296972|290007296972|978-0-07-296972-6| |MCG|MCG|3RD 07|OE|148.20|New|111.15|Used|.00| |.00| |.00| |.00| | |0|0|.00|00000000|00000000|0|0|.00|00000000|00000000|0|0|.00|00000000|00000000|0|0|T14|Test 2014|0|0|0|0|T| | | |-2|0|-4|0|0|0|1|1|0|0|0|MCG|0|0|00000000|0|MCG|0|0|00000000|0|MCG|0|0|00000000|0
191|D|BAKER|AMERICAN GOVERNMENT|978002305480|290002305480|978-0-02-305480-8| |PEARSON|MAC|2ND 87|OP|81.00|New|60.75|Used|.00| |.00| |.00| |.00| | |0|0|.00|00000000|00000000|0|0|.00|00000000|00000000|0|0|.00|00000000|00000000|0|0|T14|Test 2014|0|0|0|0|T| | | |-4|0|-3|0|0|0|1|1|0|0|0|MCG|0|0|00000000|0|MCG|0|0|00000000|0|MCG|0|0|00000000|0
192|D|CHIANG|FUND.METHODS OF MATH.ECONOMICS (CLOTH)|978007010910|290007010910|978-0-07-010910-0| |MCG|IRWIN|4TH 05| |320.70|New|240.55|Used|.00| |.00| |.00| |.00| | |0|0|.00|00000000|00000000|0|0|.00|00000000|00000000|0|0|.00|00000000|00000000|0|0|T14|Test 2014|0|0|0|0|T| | | |0|0|-3|0|0|0|0|1|0|0|0|MCG|0|0|00000000|0|MCG|0|0|00000000|0|MCG|0|0|00000000|0
193|D|CURTIS|INVITATION TO BIOLOGY|978087901679|290087901679|978-0-87901-679-1| |MAC HIGHER|WORTH|5TH 94|OP|160.00|New|120.00|Used|.00| |.00| |.00| |.00| | |0|0|.00|00000000|00000000|0|0|.00|00000000|00000000|0|0|.00|00000000|00000000|0|0|T14|Test 2014|0|0|0|0|T| | | |-1|0|-1|0|0|0|1|0|0|0|0|MCG|0|0|00000000|0|MCG|0|0|00000000|0|MCG|0|0|00000000|0
194|D|DAVIS|BEDFORD ANTH.OF WORLD LIT.COMPACT,V.1|978031244153|290031244153|978-0-312-44153-1| |MAC HIGHER|ST MARTIN|09|OP|73.35|New|55.00|Used|.00| |.00| |.00| |.00| | |0|0|.00|00000000|00000000|0|0|.00|00000000|00000000|0|0|.00|00000000|00000000|0|0|T14|Test 2014|0|0|0|0|T| | | |-1|0|-3|0|0|0|1|0|0|0|0|MCG|0|0|00000000|0|MCG|0|0|00000000|0|MCG|0|0|00000000|0
195|D|HORNGREN|ACCOUNTING-CHAP.1-17|978013239949|290013239949|978-0-13-239949-4| |PEARSON|PH|7TH 07|OP|166.65|New|125.00|Used|.00| |.00| |.00| |.00| | |0|0|.00|00000000|00000000|0|0|.00|00000000|00000000|0|0|.00|00000000|00000000|0|0|T14|Test 2014|0|0|0|0|T| | | |-6|0|-2|0|0|0|3|0|0|0|0|MCG|0|0|00000000|0|MCG|0|0|00000000|0|MCG|0|0|00000000|0
196|D|KAPOOR|FOCUS ON PERSONAL FINANCE|978007353063|290007353063|978-0-07-353063-5| |MCG|IRWIN|2ND 08|OE|123.20|New|92.40|Used|.00| |.00| |.00| |.00| | |0|0|.00|00000000|00000000|0|0|.00|00000000|00000000|0|0|.00|00000000|00000000|0|0|T14|Test 2014|0|0|0|0|T| | | |-1|0|0|0|0|0|1|0|0|0|0|MCG|0|0|00000000|0|MCG|0|0|00000000|0|MCG|0|0|00000000|0
197|D|KIESO|INTERMEDIATE ACCOUNTING,V.II|978047177193|290047177193|978-0-471-77193-7| |WILEY|WILEY|12TH 07|OE|116.00|New|87.00|Used|.00| |.00| |.00| |.00| | |0|0|.00|00000000|00000000|0|0|.00|00000000|00000000|0|0|.00|00000000|00000000|0|0|T14|Test 2014|0|0|0|0|T| | | |-1|0|0|0|0|0|1|0|0|0|0|MCG|0|0|00000000|0|MCG|0|0|00000000|0|MCG|0|0|00000000|0
198|D|KLEINER|GARDNER'S ART THROUGH AGES|978049509307|290049509307|978-0-495-09307-7| |CENGAGE L|WAD|13TH 09|OE|288.70|New|187.70|Used|.00| |.00| |.00| |.00| | |0|0|.00|00000000|00000000|0|0|.00|00000000|00000000|0|0|.00|00000000|00000000|0|0|T14|Test 2014|0|0|0|0|T| | | |-1|0|0|0|0|0|1|0|0|0|0|MCG|0|0|00000000|0|MCG|0|0|00000000|0|MCG|0|0|00000000|0
199|D|ROSA|MODELS FOR WRITERS|978031253113|290031253113|978-0-312-53113-3| |MAC HIGHER|BEDFORD BK|10TH 10|OE|51.35|New|38.50|Used|.00| |.00| |.00| |.00| | |0|0|.00|00000000|00000000|0|0|.00|00000000|00000000|0|0|.00|00000000|00000000|0|0|T14|Test 2014|0|0|0|0|T| | | |-1|0|-1|0|0|0|1|0|0|0|0|MCG|0|0|00000000|0|MCG|0|0|00000000|0|MCG|0|0|00000000|0
200|D|WILLIAMS|FINANCIAL+MANAGERIAL ACCOUNTING|978007299650|290007299650|978-0-07-299650-0| |MCG|IRWIN|14TH 08|OE|221.45|New|166.10|Used|.00| |.00| |.00| |.00| | |0|0|.00|00000000|00000000|0|0|.00|00000000|00000000|0|0|.00|00000000|00000000|0|0|T14|Test 2014|0|0|0|0|T| | | |-1|0|0|0|0|0|1|0|0|0|0|MCG|0|0|00000000|0|MCG|0|0|00000000|0|MCG|0|0|00000000|0
201|D|GARRISON|MANAGERIAL ACCOUNTING|978007337961|290007337961|978-0-07-337961-6| |MCG|MCG|13TH 10|OE|247.15|New|185.35|Used|.00| |.00| |.00| |.00| | |0|0|.00|00000000|00000000|0|0|.00|00000000|00000000|0|0|.00|00000000|00000000|0|0|T14|Test 2014|0|0|0|0|T| | | |-1|0|0|0|0|0|1|0|0|0|0|MCG|0|0|00000000|0|MCG|0|0|00000000|0|MCG|0|0|00000000|0
202|D|WHARTON|SUMMER|978002055440|290002055440|978-0-02-055440-0| |S+S|COLLIER|81|OP|4.95|New|3.70|Used|.00| |.00| |.00| |.00| | |0|0|.00|00000000|00000000|0|0|.00|00000000|00000000|0|0|.00|00000000|00000000|0|0|T14|Test 2014|0|0|0|10|T| | | |-1|0|0|0|0|0|1|0|0|0|0|MCG|0|0|00000000|0|MCG|0|0|00000000|0|MCG|0|0|00000000|0
203|D|LARKIN|GIRL IN WINTER|978087951217|290087951217|978-0-87951-217-0| |NORTON|OVERLOOK|85| |16.95|New|12.70|Used|.00| |.00| |.00| |.00| | |0|0|.00|00000000|00000000|0|0|.00|00000000|00000000|0|0|.00|00000000|00000000|0|0|T14|Test 2014|0|0|0|10|T| | | |-1|0|0|0|0|0|1|0|0|0|0|MCG|0|0|00000000|0|MCG|0|0|00000000|0|MCG|0|0|00000000|0
204|D|GAIMAN|DAY I SWAPPED MY DAD FOR TWO GOLDFISH|978006058703|290006058703|978-0-06-058703-1| |HARP PUB|HARP|04| |8.00|New|6.00|Used|.00| |.00| |.00| |.00| | |0|0|.00|00000000|00000000|0|0|.00|00000000|00000000|0|0|.00|00000000|00000000|0|0|T14|Test 2014|0|0|0|0|T| | | |-1|0|-2|0|0|0|1|0|0|0|0|MCG|0|0|00000000|0|MCG|0|0|00000000|0|MCG|0|0|00000000|0
205|D|ACKRILL|NEW ARISTOTLE READER|978069102043|290069102043|978-0-691-02043-3| |PERSEUS D|PUP|87| |37.30|New|27.95|Used|.00| |.00| |.00| |.00| | |0|0|.00|00000000|00000000|0|0|.00|00000000|00000000|0|0|.00|00000000|00000000|0|0|T14|Test 2014|20|20|0|20|T| | | |0|0|0|0|0|0|0|0|0|0|0|MCG|0|0|00000000|0|MCG|0|0|00000000|0|MCG|0|0|00000000|0
206|D|AAKER|MARKETING RESEARCH|978047031725|290047031725|978-0-470-31725-9| |WILEY|WILEY|10TH 10|OE|266.65|New|200.00|Used|.00| |.00| |.00| |.00| | |0|0|.00|00000000|00000000|0|0|.00|00000000|00000000|0|0|.00|00000000|00000000|0|0|T14|Test 2014|40|60|0|75|T| | | |0|0|0|0|0|0|0|0|0|0|0|MCG|0|0|00000000|0|MCG|0|0|00000000|0|MCG|0|0|00000000|0
207|D|ANDERSON|OPEN QUESTIONS|978031241635|290031241635|978-0-312-41635-5| |MAC HIGHER|BEDFORD BK|05|OP|68.00|New|51.00|Used|.00| |.00| |.00| |.00| | |0|0|.00|00000000|00000000|0|0|.00|00000000|00000000|0|0|.00|00000000|00000000|0|0|T14|Test 2014|20|20|0|17|T| | | |0|0|0|0|0|0|0|0|0|0|0|MCG|0|0|00000000|0|MCG|0|0|00000000|0|MCG|0|0|00000000|0
208|D|ALBERTS|ESSENTIAL CELL BIOLOGY-W/DVD|978081534129|290081534129|978-0-8153-4129-1| |TAYLOR|GARLAND|3RD 10|OE|169.60|New|127.20|Used|.00| |.00| |.00| |.00| | |0|0|.00|00000000|00000000|0|0|.00|00000000|00000000|0|0|.00|00000000|00000000|0|0|T14|Test 2014|20|20|0|19|T| | | |0|0|0|0|0|0|0|0|0|0|0|MCG|0|0|00000000|0|MCG|0|0|00000000|0|MCG|0|0|00000000|0
209|D|AARON|COMPACT READER|978031260960|290031260960|978-0-312-60960-3| |MAC HIGHER|BEDFORD BK|9TH 11|OE|56.00|New|42.00|Used|28.00|New Rental|.00| |21.00|Used Rental|.00| | |0|0|.00|00000000|00000000|0|0|.00|00000000|00000000|0|0|.00|00000000|00000000|0|0|T14|Test 2014|20|20|0|25|T| | | |-1|0|0|0|0|0|0|0|0|0|0|MCG|0|0|00000000|0|MCG|0|0|00000000|0|MCG|0|0|00000000|0
210|D|AIDOO|CHANGES|978155861065|290155861065|978-1-5586106-5-1| |PERSEUS D|FEMINIST|93| |18.10|New|13.60|Used|.00| |.00| |.00| |.00| | |0|0|.00|00000000|00000000|0|0|.00|00000000|00000000|0|0|.00|00000000|00000000|0|0|T14|Test 2014|20|20|0|10|T| | | |0|0|-1|0|0|0|0|0|0|0|0|MCG|0|0|00000000|0|MCG|0|0|00000000|0|MCG|0|0|00000000|0
211|D|AKERS|CRIMINOLOGICAL THEORIES|978019533252|290019533252|978-0-19-533252-0| |OXF|OXF|5TH 09|OE|69.30|New|52.00|Used|.00| |.00| |.00| |.00| | |0|0|.00|00000000|00000000|0|0|.00|00000000|00000000|0|0|.00|00000000|00000000|0|0|T14|Test 2014|20|20|0|11|T| | | |0|0|0|0|0|0|0|0|0|0|0|MCG|0|0|00000000|0|MCG|0|0|00000000|0|MCG|0|0|00000000|0
212|D|ALVES|MUSIC OF THE PEOPLES OF THE WORLD-TEXT|978049550384|290049550384|978-0-495-50384-2| |CENGAGE L|SCHIRMER|2ND 10|OE|211.35|New|137.40|Used|.00| |.00| |.00| |.00| | |0|0|.00|00000000|00000000|0|0|.00|00000000|00000000|0|0|.00|00000000|00000000|0|0|T14|Test 2014|20|20|0|12|T| | | |0|0|0|0|0|0|0|0|0|0|0|MCG|0|0|00000000|0|MCG|0|0|00000000|0|MCG|0|0|00000000|0
213|D|ARISTOTLE|NICOMACHEAN ETHICS|978019875271|290019875271|978-0-19-875271-4| |OXF|OXF|02| |53.30|New|40.00|Used|.00| |.00| |.00| |.00| | |0|0|.00|00000000|00000000|0|0|.00|00000000|00000000|0|0|.00|00000000|00000000|0|0|T14|Test 2014|20|20|0|13|T| | | |0|0|0|0|0|0|0|0|0|0|0|MCG|0|0|00000000|0|MCG|0|0|00000000|0|MCG|0|0|00000000|0
214|D|BAECHLE|ESSEN.OF STRENGTH TRAINING+CONDITIONING|978073605803|290073605803|978-0-7360-5803-2| |HUMAN KIN|HUMAN KIN|3RD 08|OE|104.55|New|78.40|Used|.00| |.00| |.00| |.00| | |0|0|.00|00000000|00000000|0|0|.00|00000000|00000000|0|0|.00|00000000|00000000|0|0|T14|Test 2014|20|20|0|14|T| | | |0|0|0|0|0|0|0|0|0|0|0|MCG|0|0|00000000|0|MCG|0|0|00000000|0|MCG|0|0|00000000|0
215|D|BARNETT|ADDITIONAL CALCULUS TOPICS|978032165509|290032165509|978-0-321-65509-7| |PEARSON|PH|12TH 11| |36.00|New|27.00|Used|.00| |.00| |.00| |.00| | |0|0|.00|00000000|00000000|0|0|.00|00000000|00000000|0|0|.00|00000000|00000000|0|0|T14|Test 2014|20|20|0|15|T| | | |0|0|0|0|0|0|0|0|0|0|0|MCG|0|0|00000000|0|MCG|0|0|00000000|0|MCG|0|0|00000000|0
216|D|ALEXANDER|INFUSION NURSING:EVIDENCE-BASED APPR.|978141606410|290141606410|978-1-4160641-0-7| |ELSEVIER|SAUNDERS|3RD 10| |137.60|New|103.20|Used|.00| |.00| |.00| |.00| | |0|0|.00|00000000|00000000|0|0|.00|00000000|00000000|0|0|.00|00000000|00000000|0|0|T14|Test 2014|0|0|0|0|T| | | |14|0|25|0|0|0|0|0|0|0|0|MCG|0|0|00000000|0|MCG|0|0|00000000|0|MCG|0|0|00000000|0
217|D|JOHNSON|TEST FOR PI BOOK 2|281050001131|282050001131|281-0-500-01131-8| |APRILS| | | |21.25|New|15.95|Used|.00| |.00| |.00| |.00| | |0|0|.00|00000000|00000000|0|0|.00|00000000|00000000|0|0|.00|00000000|00000000|0|0|T14|Test 2014|0|0|0|10|T| | | |-1|0|0|0|0|0|1|0|0|0|0|MCG|0|0|00000000|0|MCG|0|0|00000000|0|MCG|0|0|00000000|0
218|D|SEGAR|INTRODUCTION TO OCEAN SCIENCES|978053454094|290053454094|978-0-534-54094-4| |CENGAGE L|WAD|98|OP|135.00|New|87.75|Used|.00| |.00| |.00| |.00| | |0|0|.00|00000000|00000000|0|0|.00|00000000|00000000|0|0|.00|00000000|00000000|0|0|T14|Test 2014|0|200|0|0|T| | | |0|0|0|0|0|0|0|0|0|0|0|MCG|0|0|00000000|0|MCG|0|0|00000000|0|MCG|0|0|00000000|0
219|D|MCCONNELL|MICROECONOMICS,BRIEF ED.|978007741620|290007741620|978-0-07-741620-1| |MCG|IRWIN|2ND 13| |224.65|New|168.50|Used|.00| |.00| |.00| |.00| | |0|0|.00|00000000|00000000|0|0|.00|00000000|00000000|0|0|.00|00000000|00000000|0|0|T14|Test 2014|20|20|0|47|T| | | |0|0|-3|0|0|0|0|0|0|0|0|MCG|0|0|00000000|0|MCG|0|0|00000000|0|MCG|0|0|00000000|0
220|D|KOTTAK|ANTHROPOLOGY|978007811699|290007811699|978-0-07-811699-5| |MCG|MCG|14TH 11|OE|200.00|New|150.00|Used|.00| |.00| |.00| |.00| | |0|0|.00|00000000|00000000|0|0|.00|00000000|00000000|0|0|.00|00000000|00000000|0|0|T14|Test 2014|0|150|0|15|T| | | |0|0|0|0|0|0|0|0|0|0|0|MCG|0|0|00000000|0|MCG|0|0|00000000|0|MCG|0|0|00000000|0
221|D|MCCONNELL|ECONOMICS-W/ACCESS (7503961)|978007750396|290007750396|978-0-07-750396-3| |MCG|IRWIN|19TH 12|OE|345.00|New|258.75|Used|.00| |.00| |.00| |.00| | |0|0|.00|00000000|00000000|0|0|.00|00000000|00000000|0|0|.00|00000000|00000000|0|0|T14|Test 2014|20|20|0|20|T| | | |0|0|8|0|0|0|0|0|0|0|0|MCG|0|0|00000000|0|MCG|0|0|00000000|0|MCG|0|0|00000000|0
222|D|MCCONNELL|MACROECONOMICS-CONNECT PLUS+|978007731448|290007731448|978-0-07-731448-4| |MCG|MCG|09|OP|110.70|New|83.05|Used|.00| |.00| |.00| |.00| | |0|0|.00|00000000|00000000|0|0|.00|00000000|00000000|0|0|.00|00000000|00000000|0|0|T14|Test 2014|20|20|0|16|T| | | |0|0|0|0|0|0|0|0|0|0|0|MCG|0|0|00000000|0|MCG|0|0|00000000|0|MCG|0|0|00000000|0
223|D|MCCORDUCK|MACHINES WHO THINK|978156881205|290156881205|978-1-5688120-5-2| |TAYLOR|A K PETERS|04| |51.15|New|38.35|Used|.00| |.00| |.00| |.00| | |0|0|.00|00000000|00000000|0|0|.00|00000000|00000000|0|0|.00|00000000|00000000|0|0|T14|Test 2014|20|20|0|3|T| | | |0|0|0|0|0|0|0|0|0|0|0|MCG|0|0|00000000|0|MCG|0|0|00000000|0|MCG|0|0|00000000|0
224|D|HUMPHRIES|BASIC COURSE IN AMER.SIGN LANG-STD.GDE.|978093266633|290093266633|978-0-932666-33-8| |TJ PUBS|TJ PUBS|86| |20.20|New|15.15|Used|.00| |.00| |.00| |.00| | |0|0|.00|00000000|00000000|0|0|.00|00000000|00000000|0|0|.00|00000000|00000000|0|0|T14|Test 2014|20|20|0|12|T| | | |0|0|0|0|0|0|0|0|0|0|0|MCG|0|0|00000000|0|MCG|0|0|00000000|0|MCG|0|0|00000000|0
225|D|EDWARDS|NEW DRAWING ON RIGHT SIDE OF BRAIN-WKBK|978158542195|290158542195|978-1-5854219-5-4| |PENG RAND|TARCHER|02|OE|18.95|New|14.20|Used|.00| |.00| |.00| |.00| | |0|0|.00|00000000|00000000|0|0|.00|00000000|00000000|0|0|.00|00000000|00000000|0|0|T14|Test 2014|20|20|0|35|T| | | |0|0|0|0|0|0|0|0|0|0|0|MCG|0|0|00000000|0|MCG|0|0|00000000|0|MCG|0|0|00000000|0
226|D|ABRAMS|ENGLISH ROMANTIC POETS-MOD.ESSAYS|978019501946|290019501946|978-0-19-501946-9| |OXF|GALAXY|2ND 75| |42.65|New|32.00|Used|.00| |.00| |.00| |.00| | |0|0|.00|00000000|00000000|0|0|.00|00000000|00000000|0|0|.00|00000000|00000000|0|0|T14|Test 2014|20|20|0|15|T| | | |0|0|1|0|0|0|0|0|0|0|0|MCG|0|0|00000000|0|MCG|0|0|00000000|0|MCG|0|0|00000000|0
227|D|LEMBECK|GROSSMAN'S GDE.TO WINES,BEERS...,REV.|978068417772|290068417772|978-0-684-17772-4| |WILEY|SCRIB|7TH 83|NE|49.95|New|37.45|Used|.00| |.00| |.00| |.00| | |0|0|.00|00000000|00000000|0|0|.00|00000000|00000000|0|0|.00|00000000|00000000|0|0|T14|Test 2014|20|20|0|45|T| | | |0|0|0|0|0|0|0|0|0|0|0|MCG|0|0|00000000|0|MCG|0|0|00000000|0|MCG|0|0|00000000|0
228|D|POLENBERG|ONE NATION DIVISIBLE|978014015999|290014015999|978-0-14-015999-8| |PENG RAND|PELICAN|80|OP|14.95|New|11.20|Used|.00| |.00| |.00| |.00| | |0|0|.00|00000000|00000000|0|0|.00|00000000|00000000|0|0|.00|00000000|00000000|0|0|T14|Test 2014|20|20|0|85|T| | | |0|0|-1|0|0|0|0|0|0|0|0|MCG|0|0|00000000|0|MCG|0|0|00000000|0|MCG|0|0|00000000|0
229|D|APOSTOL|MATHEMATICAL ANALYSIS|978020100288|290020100288|978-0-201-00288-1| |PEARSON|A-W|2ND 74| |116.60|New|87.45|Used|.00| |.00| |.00| |.00| | |0|0|.00|00000000|00000000|0|0|.00|00000000|00000000|0|0|.00|00000000|00000000|0|0|T14|Test 2014|20|20|0|5|T| | | |0|0|-1|0|0|0|0|0|0|0|0|MCG|0|0|00000000|0|MCG|0|0|00000000|0|MCG|0|0|00000000|0
230|D|SPENCER|READINGS IN ART HISTORY V.1|978002414380|290002414380|978-0-02-414380-8| |PEARSON|SCRIB|3RD 82| |104.40|New|78.30|Used|.00| |.00| |.00| |.00| | |0|0|.00|00000000|00000000|0|0|.00|00000000|00000000|0|0|.00|00000000|00000000|0|0|T14|Test 2014|20|20|0|10|T| | | |0|0|0|0|0|0|0|0|0|0|0|MCG|0|0|00000000|0|MCG|0|0|00000000|0|MCG|0|0|00000000|0
231|D|KAREN ARMS; PA|BIOLOGY|978003015434|290003015434|978-0-03-015434-8| |MCG| |4| |97.85|New|73.40|Used|.00| |.00| |.00| |.00| | |0|0|.00|00000000|00000000|0|0|.00|00000000|00000000|0|0|.00|00000000|00000000|0|0|T14|Test 2014|0|0|0|0|T| | | |0|0|0|0|0|0|0|0|0|0|0|MCG|0|0|00000000|0|MCG|0|0|00000000|0|MCG|0|0|00000000|0
232|D|GRAY|ACCOUNTING+MANAGEMENT ACTION|978091387836|290091387836|978-0-913878-36-1| |HORTON|HORTON|2ND 85| |48.00|New|36.00|Used|.00| |.00| |.00| |.00| | |0|0|.00|00000000|00000000|0|0|.00|00000000|00000000|0|0|.00|00000000|00000000|0|0|T14|Test 2014|0|0|0|0|T| | | |0|0|0|0|0|0|0|0|0|0|0|MCG|0|0|00000000|0|MCG|0|0|00000000|0|MCG|0|0|00000000|0
233|D|BERNSTEIN|ALL ALONE IN WORLD|978159558185|290159558185|978-1-5955818-5-3| |PERSEUS D|NEW PRESS|05| |16.95|New|12.70|Used|.00| |.00| |.00| |.00| | |0|0|.00|00000000|00000000|0|0|.00|00000000|00000000|0|0|.00|00000000|00000000|0|0|T14|Test 2014|20|20|0|10|T| | | |0|0|0|0|0|0|0|0|0|0|0|MCG|0|0|00000000|0|MCG|0|0|00000000|0|MCG|0|0|00000000|0
234|D|HATTON|LIGHTWEIGHT CAMPING|978155077003|290155077003|978-1-5507700-3-2| |UTP DIST|THOMPSON E|92| |28.75|New|21.55|Used|.00| |.00| |.00| |.00| | |0|0|.00|00000000|00000000|0|0|.00|00000000|00000000|0|0|.00|00000000|00000000|0|0|T14|Test 2014|20|20|0|10|T| | | |0|0|0|0|0|0|0|0|0|0|0|MCG|0|0|00000000|0|MCG|0|0|00000000|0|MCG|0|0|00000000|0
235|D|COSER|MASTERS OF SOCIOLOGICAL THOUGHT|978157766307|290157766307|978-1-5776630-7-2| |WAVELAND|WAVELAND|2ND 77| |53.30|New|40.00|Used|.00| |.00| |.00| |.00| | |0|0|.00|00000000|00000000|0|0|.00|00000000|00000000|0|0|.00|00000000|00000000|0|0|T14|Test 2014|20|20|0|10|T| | | |0|0|0|0|0|0|0|0|0|0|0|MCG|0|0|00000000|0|MCG|0|0|00000000|0|MCG|0|0|00000000|0
236|D|BELTING|ART HISTORY AFTER MODERNISM|978022604185|290022604185|978-0-226-04185-8| |UCP|UCP|03| |26.65|New|20.00|Used|.00| |.00| |.00| |.00| | |0|0|.00|00000000|00000000|0|0|.00|00000000|00000000|0|0|.00|00000000|00000000|0|0|T14|Test 2014|20|20|0|10|T| | | |0|0|2|0|0|0|0|0|0|0|0|MCG|0|0|00000000|0|MCG|0|0|00000000|0|MCG|0|0|00000000|0
237|D|BROMMER|DISCOVERING ART HISTORY|978087192719|290087192719|978-0-87192-719-4| |DAVIS MASS|DAVIS MASS|4TH 07| |99.95|New|50.00|Used|.00| |.00| |.00| |.00| | |0|0|.00|00000000|00000000|0|0|.00|00000000|00000000|0|0|.00|00000000|00000000|0|0|T14|Test 2014|20|20|0|10|T| | | |0|0|0|0|0|0|0|0|0|0|0|MCG|0|0|00000000|0|MCG|0|0|00000000|0|MCG|0|0|00000000|0
238|D|DONAHUE|NURSING:FINEST ART,ILLUS.HISTORY|978032305305|290032305305|978-0-323-05305-1| |ELSEVIER|MOSBY|3RD 11| |64.95|New|48.70|Used|.00| |.00| |.00| |.00| | |0|0|.00|00000000|00000000|0|0|.00|00000000|00000000|0|0|.00|00000000|00000000|0|0|T14|Test 2014|20|20|0|10|T| | | |0|0|0|0|0|0|0|0|0|0|0|MCG|0|0|00000000|0|MCG|0|0|00000000|0|MCG|0|0|00000000|0
239|D|STOKSTAD|ART HISTORY,PORTABLE ED.-BOOKS 1-6|978020500461|290020500461|978-0-205-00461-4| |PEARSON|PH|4TH 11|OP|169.35|New|127.00|Used|.00| |.00| |.00| |.00| | |0|0|.00|00000000|00000000|0|0|.00|00000000|00000000|0|0|.00|00000000|00000000|0|0|T14|Test 2014|20|20|0|10|T| | | |0|0|0|0|0|0|0|0|0|0|0|MCG|0|0|00000000|0|MCG|0|0|00000000|0|MCG|0|0|00000000|0
240|D|AM.PSYCH.ASSN.|PUBL.MAN.OF AM.PSYCH.ASSOC.(2ND+PRTG)|978143380562|290143380562|978-1-4338056-2-2| |AM PSYCHOL|AM PSYCHOL|6TH 10| |39.40|New|29.55|Used|.00| |.00| |.00| |.00| | |0|0|.00|00000000|00000000|0|0|.00|00000000|00000000|0|0|.00|00000000|00000000|0|0|T14|Test 2014|40|40|0|50|T| | | |0|0|0|0|0|0|0|0|0|0|0|MCG|0|0|00000000|0|MCG|0|0|00000000|0|MCG|0|0|00000000|0
241|D|AM.PSYCH.ASSN.|PUBL.MAN.OF AM.PSYCH.ASSOC.(2ND+PRTG)|978143380561|290143380561|978-1-4338056-1-5| |AM PSYCHOL|AM PSYCHOL|6TH 10| |31.95|New|23.95|Used|.00| |.00| |.00| |.00| | |0|0|.00|00000000|00000000|0|0|.00|00000000|00000000|0|0|.00|00000000|00000000|0|0|T14|Test 2014|40|40|0|50|T| | | |0|0|0|0|0|0|0|0|0|0|0|MCG|0|0|00000000|0|MCG|0|0|00000000|0|MCG|0|0|00000000|0
242|D|AM.PSYCH.ASSN.|PUBL.MAN.OF AM.PSYCH.ASSOC.(2ND+PRTG)|978143380559|290143380559|978-1-4338055-9-2| |AM PSYCHOL|AM PSYCHOL|6TH 10| |42.60|New|31.95|Used|.00| |.00| |.00| |.00| | |0|0|.00|00000000|00000000|0|0|.00|00000000|00000000|0|0|.00|00000000|00000000|0|0|T14|Test 2014|40|40|0|55|T| | | |0|0|0|0|0|0|0|0|0|0|0|MCG|0|0|00000000|0|MCG|0|0|00000000|0|MCG|0|0|00000000|0
243|D|REECE|CAMPBELL BIOLOGY|978032155823|290032155823|978-0-321-55823-7| |PEARSON|BENJ|9TH 11|OE|251.95|New|188.95|Used|.00| |.00| |.00| |.00| | |0|0|.00|00000000|00000000|0|0|.00|00000000|00000000|0|0|.00|00000000|00000000|0|0|T14|Test 2014|40|40|0|60|T| | | |0|0|1|0|0|0|0|0|0|0|0|MCG|0|0|00000000|0|MCG|0|0|00000000|0|MCG|0|0|00000000|0
244|D|MIZRAHI|ENCYCLOPEDIA OF SOCIAL WORK,VOLUMES 1-4|978019530661|290019530661|978-0-19-530661-3| |OXF|OXF|20TH 08| |657.35|New|493.00|Used|.00| |.00| |.00| |.00| | |0|0|.00|00000000|00000000|0|0|.00|00000000|00000000|0|0|.00|00000000|00000000|0|0|T14|Test 2014|20|20|0|22|T| | | |0|0|0|0|0|0|0|0|0|0|0|MCG|0|0|00000000|0|MCG|0|0|00000000|0|MCG|0|0|00000000|0
245|D|ROBERTS|SOCIAL WORKERS'DESK REFERENCE|978019536937|290019536937|978-0-19-536937-3| |OXF|OXF|2ND 09|OE|106.65|New|80.00|Used|.00| |.00| |.00| |.00| | |0|0|.00|00000000|00000000|0|0|.00|00000000|00000000|0|0|.00|00000000|00000000|0|0|T14|Test 2014|20|20|0|23|T| | | |0|0|0|0|0|0|0|0|0|0|0|MCG|0|0|00000000|0|MCG|0|0|00000000|0|MCG|0|0|00000000|0
246|D|BARKER|SOCIAL WORK DICTIONARY|978087101355|290087101355|978-0-87101-355-2| |NASW|NASW|5TH 03|OE|66.00|New|49.50|Used|.00| |.00| |.00| |.00| | |0|0|.00|00000000|00000000|0|0|.00|00000000|00000000|0|0|.00|00000000|00000000|0|0|T14|Test 2014|20|20|0|45|T| | | |0|0|0|0|0|0|0|0|0|0|0|MCG|0|0|00000000|0|MCG|0|0|00000000|0|MCG|0|0|00000000|0
247|D|AM.CONCRETE|BUILDING CODE REQUIRE.F/STRUCT.+COMMENT|978087031264|290087031264|978-0-87031-264-9| |ACI|ACI|REV 08| |186.15|New|139.60|Used|.00| |.00| |.00| |.00| | |0|0|.00|00000000|00000000|0|0|.00|00000000|00000000|0|0|.00|00000000|00000000|0|0|T14|Test 2014|20|170|0|20|T| | | |0|0|0|0|0|0|0|0|0|0|0|MCG|0|0|00000000|0|MCG|0|0|00000000|0|MCG|0|0|00000000|0
248|D|ZAR|BIOSTATISTICAL ANALYSIS|978013100846|290013100846|978-0-13-100846-5| |PEARSON|PH|5TH 10| |209.20|New|156.90|Used|.00| |.00| |.00| |.00| | |0|0|.00|00000000|00000000|0|0|.00|00000000|00000000|0|0|.00|00000000|00000000|0|0|T14|Test 2014|0|0|0|0|T| | | |0|0|0|0|0|0|0|0|0|0|0|MCG|0|0|00000000|0|MCG|0|0|00000000|0|MCG|0|0|00000000|0
249|D|ACHEBE|ARROW OF GOD (LARGE FORMAT)|978038501480|290038501480|978-0-385-01480-9| |PENG RAND|ANCHOR|74| |14.95|New|11.20|Used|.00| |.00| |.00| |.00| | |0|0|.00|00000000|00000000|0|0|.00|00000000|00000000|0|0|.00|00000000|00000000|0|0|T14|Test 2014|0|20|0|25|T| | | |0|0|0|0|0|0|0|0|0|0|0|MCG|0|0|00000000|0|MCG|0|0|00000000|0|MCG|0|0|00000000|0
250|D|ACHEBE|MAN OF THE PEOPLE (LARGE FORMAT)|978038508616|290038508616|978-0-385-08616-5| |PENG RAND|ANCHOR|66| |13.95|New|10.45|Used|.00| |.00| |.00| |.00| | |0|0|.00|00000000|00000000|0|0|.00|00000000|00000000|0|0|.00|00000000|00000000|0|0|T14|Test 2014|0|20|0|10|T| | | |0|0|0|0|0|0|0|0|0|0|0|MCG|0|0|00000000|0|MCG|0|0|00000000|0|MCG|0|0|00000000|0
251|D|AABERG|RESISTANCE TRAINING INSTRUCTION|978073606403|290073606403|978-0-7360-6403-3| |HUMAN KIN|HUMAN KIN|2ND 07| |41.60|New|31.20|Used|.00| |.00| |.00| |.00| | |0|0|.00|00000000|00000000|0|0|.00|00000000|00000000|0|0|.00|00000000|00000000|0|0|T14|Test 2014|0|20|0|55|T| | | |0|0|2|0|0|0|0|0|0|0|0|MCG|0|0|00000000|0|MCG|0|0|00000000|0|MCG|0|0|00000000|0
252|D|AALBERTS|REAL ESTATE LAW|978084005359|290084005359|978-0-8400-5359-6| |CENGAGE L|S-W|8TH 12|OE|334.70|New|217.60|Used|.00| |.00| |.00| |.00| | |0|0|.00|00000000|00000000|0|0|.00|00000000|00000000|0|0|.00|00000000|00000000|0|0|T14|Test 2014|0|20|0|100|T| | | |0|0|0|0|0|0|0|0|0|0|0|MCG|0|0|00000000|0|MCG|0|0|00000000|0|MCG|0|0|00000000|0
253|D|AAOS|FIRST AID,CPR,+AED:ADVANCED-W/ACCESS|978144963505|290144963505|978-1-4496350-5-3| |JONES+BART|JONES+BART|6TH 12|OE|60.00|New|45.00|Used|.00| |.00| |.00| |.00| | |0|0|.00|00000000|00000000|0|0|.00|00000000|00000000|0|0|.00|00000000|00000000|0|0|T14|Test 2014|0|20|0|67|T| | | |0|0|0|0|0|0|0|0|0|0|0|MCG|0|0|00000000|0|MCG|0|0|00000000|0|MCG|0|0|00000000|0
254|D|LEHMANN|TESTING STATISTICAL HYPOTHESES|978038798864|290038798864|978-0-387-98864-1| |SPRINGER|SPRING-VER|3RD 05|OP|116.25|New|87.20|Used|.00| |.00| |.00| |.00| | |0|0|.00|00000000|00000000|0|0|.00|00000000|00000000|0|0|.00|00000000|00000000|0|0|T14|Test 2014|0|0|0|10|T| | | |0|0|0|0|0|0|0|0|0|0|0|MCG|0|0|00000000|0|MCG|0|0|00000000|0|MCG|0|0|00000000|0
255|D|BIGLAN|HELPING ADOLESCENTS AT RISK|978159385239|290159385239|978-1-5938523-9-9| |GUILFORD|GUILFORD|05| |41.60|New|31.20|Used|.00| |.00| |.00| |.00| | |0|0|.00|00000000|00000000|0|0|.00|00000000|00000000|0|0|.00|00000000|00000000|0|0|T14|Test 2014|0|0|0|10|T| | | |0|0|0|0|0|0|0|0|0|0|0|MCG|0|0|00000000|0|MCG|0|0|00000000|0|MCG|0|0|00000000|0
256|D|MILLER|DIALECTICAL BEHAV.THERAPY W/SUICIDAL...|978159385383|290159385383|978-1-5938538-3-9| |GUILFORD|GUILFORD|07| |60.80|New|45.60|Used|.00| |.00| |.00| |.00| | |0|0|.00|00000000|00000000|0|0|.00|00000000|00000000|0|0|.00|00000000|00000000|0|0|T14|Test 2014|0|0|0|10|T| | | |-1|0|0|0|0|0|0|0|0|0|0|MCG|0|0|00000000|0|MCG|0|0|00000000|0|MCG|0|0|00000000|0
257|D|DECHIARA|TIME-SAVER STAND.F/BLDG.TYPES|978007016387|290007016387|978-0-07-016387-4| |MCG|MCG|4TH 01|OP|171.45|New|128.60|Used|.00| |.00| |.00| |.00| | |0|0|.00|00000000|00000000|0|0|.00|00000000|00000000|0|0|.00|00000000|00000000|0|0|T14|Test 2014|0|0|0|10|T| | | |0|0|0|0|0|0|0|0|0|0|0|MCG|0|0|00000000|0|MCG|0|0|00000000|0|MCG|0|0|00000000|0
258|D|REECE|CAMPBELL BIOLOGY:CONCEPTS...-W/ACCESS|978032169648|290032169648|978-0-321-69648-9| |PEARSON|BENJ|7TH 12|OE|223.25|New|167.45|Used|.00| |.00| |.00| |.00| | |0|0|.00|00000000|00000000|0|0|.00|00000000|00000000|0|0|.00|00000000|00000000|0|0|T14|Test 2014|0|0|0|25|T| | | |-1|0|0|0|0|0|1|0|0|0|0|MCG|0|0|00000000|0|MCG|0|0|00000000|0|MCG|0|0|00000000|0
259|D|BURKE|PROPERTY EXAMPLES+EXPLANATIONS|978073553979|290073553979|978-0-7355-3979-2| |W KLUWER|ASPEN LAW|2ND 04|OE|41.55|New|31.15|Used|.00| |.00| |.00| |.00| | |0|0|.00|00000000|00000000|0|0|.00|00000000|00000000|0|0|.00|00000000|00000000|0|0|T14|Test 2014|0|0|0|100|T| | | |0|0|0|0|0|0|0|0|0|0|0|MCG|0|0|00000000|0|MCG|0|0|00000000|0|MCG|0|0|00000000|0
260|D|HETHERINGTON|CHILD PSYCHOLOGY-UPDATED|978007284043|290007284043|978-0-07-284043-8| |MCG|MCG|5TH 03|OE|116.80|New|87.60|Used|.00| |.00| |.00| |.00| | |0|0|.00|00000000|00000000|0|0|.00|00000000|00000000|0|0|.00|00000000|00000000|0|0|T14|Test 2014|0|0|0|10|T| | | |0|0|0|0|0|0|0|0|0|0|0|MCG|0|0|00000000|0|MCG|0|0|00000000|0|MCG|0|0|00000000|0
261|D|BARRETT|GANONG'S REVIEW OF MEDICAL PHYSIOLOGY|978007178003|290007178003|978-0-07-178003-2| |MCG|MCG|24TH 12|OE|84.55|New|63.40|Used|.00| |.00| |.00| |.00| | |0|0|.00|00000000|00000000|0|0|.00|00000000|00000000|0|0|.00|00000000|00000000|0|0|T14|Test 2014|0|0|0|15|T| | | |0|0|0|0|0|0|0|0|0|0|0|MCG|0|0|00000000|0|MCG|0|0|00000000|0|MCG|0|0|00000000|0
262|D|GLANTZ|PRIMER OF BIOSTATISTICS-W/CD|978007178150|290007178150|978-0-07-178150-3| |MCG|MCG|7TH 12| |89.15|New|66.85|Used|.00| |.00| |.00| |.00| | |0|0|.00|00000000|00000000|0|0|.00|00000000|00000000|0|0|.00|00000000|00000000|0|0|T14|Test 2014|0|0|0|15|T| | | |0|0|0|0|0|0|0|0|0|0|0|MCG|0|0|00000000|0|MCG|0|0|00000000|0|MCG|0|0|00000000|0
263|D|MILLER|TELL IT SLANT|978007178177|290007178177|978-0-07-178177-0| |MCG|MCG|2ND 12| |19.00|New|14.25|Used|.00| |.00| |.00| |.00| | |0|0|.00|00000000|00000000|0|0|.00|00000000|00000000|0|0|.00|00000000|00000000|0|0|T14|Test 2014|0|0|0|25|T| | | |0|0|0|0|0|0|0|0|0|0|0|MCG|0|0|00000000|0|MCG|0|0|00000000|0|MCG|0|0|00000000|0
264|D|GUTHRIE|INTERIOR DESIGNER'S PORTABLE HANDBOOK|978007178206|290007178206|978-0-07-178206-7| |MCG|MCG|3RD 12| |81.15|New|60.85|Used|.00| |.00| |.00| |.00| | |0|0|.00|00000000|00000000|0|0|.00|00000000|00000000|0|0|.00|00000000|00000000|0|0|T14|Test 2014|0|0|0|25|T| | | |0|0|0|0|0|0|0|0|0|0|0|MCG|0|0|00000000|0|MCG|0|0|00000000|0|MCG|0|0|00000000|0
265|D|BRINKMAN|DEALING WITH PEOPLE YOU CAN'T STAND|978007178572|290007178572|978-0-07-178572-3| |MCG|MCG|3RD 12| |18.00|New|13.50|Used|.00| |.00| |.00| |.00| | |0|0|.00|00000000|00000000|0|0|.00|00000000|00000000|0|0|.00|00000000|00000000|0|0|T14|Test 2014|0|0|0|35|T| | | |0|0|0|0|0|0|0|0|0|0|0|MCG|0|0|00000000|0|MCG|0|0|00000000|0|MCG|0|0|00000000|0
266|D|CONKLIN|PRINCIPLES OF COMPUTER SECURITY-W/CD|978007178619|290007178619|978-0-07-178619-5| |MCG|MCG|3RD 12|OE|101.70|New|76.30|Used|.00| |.00| |.00| |.00| | |0|0|.00|00000000|00000000|0|0|.00|00000000|00000000|0|0|.00|00000000|00000000|0|0|T14|Test 2014|0|0|0|35|T| | | |0|0|0|0|0|0|0|0|0|0|0|MCG|0|0|00000000|0|MCG|0|0|00000000|0|MCG|0|0|00000000|0
267|D|VANEK|ENERGY SYSTEMS ENGINEERING|978007178778|290007178778|978-0-07-178778-9| |MCG|MCG|2ND 12|OE|117.70|New|88.30|Used|.00| |.00| |.00| |.00| | |0|0|.00|00000000|00000000|0|0|.00|00000000|00000000|0|0|.00|00000000|00000000|0|0|T14|Test 2014|0|0|0|45|T| | | |0|0|0|0|0|0|0|0|0|0|0|MCG|0|0|00000000|0|MCG|0|0|00000000|0|MCG|0|0|00000000|0
268|D|MEYERS|MIKE MEYERS'COMPTIA...NETWORKS-W/CD|978007178911|290007178911|978-0-07-178911-0| |MCG|MCG|3RD 12|OE|85.70|New|64.30|Used|.00| |.00| |.00| |.00| | |0|0|.00|00000000|00000000|0|0|.00|00000000|00000000|0|0|.00|00000000|00000000|0|0|T14|Test 2014|0|0|0|45|T| | | |0|0|0|0|0|0|0|0|0|0|0|MCG|0|0|00000000|0|MCG|0|0|00000000|0|MCG|0|0|00000000|0
269|D|MEYERS|ALL-IN-ONE:NETWORK+ CERT.EXAM GDE.-W/CD|978007178922|290007178922|978-0-07-178922-6| |MCG|OSBORNE|5TH 12|OE|60.00|New|45.00|Used|.00| |.00| |.00| |.00| | |0|0|.00|00000000|00000000|0|0|.00|00000000|00000000|0|0|.00|00000000|00000000|0|0|T14|Test 2014|0|0|0|15|T| | | |0|0|0|0|0|0|0|0|0|0|0|MCG|0|0|00000000|0|MCG|0|0|00000000|0|MCG|0|0|00000000|0
270|D|SWICK|GERMAN GRAMMAR DRILLS|978007178945|290007178945|978-0-07-178945-5| |MCG|MCG|2ND 12| |14.00|New|10.50|Used|.00| |.00| |.00| |.00| | |0|0|.00|00000000|00000000|0|0|.00|00000000|00000000|0|0|.00|00000000|00000000|0|0|T14|Test 2014|0|0|0|25|T| | | |0|0|0|0|0|0|0|0|0|0|0|MCG|0|0|00000000|0|MCG|0|0|00000000|0|MCG|0|0|00000000|0
271|D|VASWANI|COMPLETE REFERENCE MYSQL|978007222477|290007222477|978-0-07-222477-1| |MCG|OSBORNE|04| |46.00|New|34.50|Used|.00| |.00| |.00| |.00| | |0|0|.00|00000000|00000000|0|0|.00|00000000|00000000|0|0|.00|00000000|00000000|0|0|T14|Test 2014|0|0|0|15|T| | | |0|0|0|0|0|0|0|0|0|0|0|MCG|0|0|00000000|0|MCG|0|0|00000000|0|MCG|0|0|00000000|0
272|D|MUSTER|INTRO.UNIX+LINUX-W/2 CDS|978007222695|290007222695|978-0-07-222695-9| |MCG|OSBORNE|03| |78.85|New|59.15|Used|.00| |.00| |.00| |.00| | |0|0|.00|00000000|00000000|0|0|.00|00000000|00000000|0|0|.00|00000000|00000000|0|0|T14|Test 2014|0|0|0|5|T| | | |0|0|0|0|0|0|0|0|0|0|0|MCG|0|0|00000000|0|MCG|0|0|00000000|0|MCG|0|0|00000000|0
273|D|SCHILDT|C++:BEGINNER'S GUIDE|978007223215|290007223215|978-0-07-223215-8| |MCG|OSBORNE|2ND 04| |29.00|New|21.75|Used|.00| |.00| |.00| |.00| | |0|0|.00|00000000|00000000|0|0|.00|00000000|00000000|0|0|.00|00000000|00000000|0|0|T14|Test 2014|0|0|0|5|T| | | |0|0|0|0|0|0|0|0|0|0|0|MCG|0|0|00000000|0|MCG|0|0|00000000|0|MCG|0|0|00000000|0
274|D|SCHOU|INFORMATION ASSURANCE FOR ENTERPRISE|978007225524|290007225524|978-0-07-225524-9| |MCG|IRWIN|07|OP|140.70|New|105.55|Used|.00| |.00| |.00| |.00| | |0|0|.00|00000000|00000000|0|0|.00|00000000|00000000|0|0|.00|00000000|00000000|0|0|T14|Test 2014|0|0|0|10|T| | | |0|0|0|0|0|0|0|0|0|0|0|MCG|0|0|00000000|0|MCG|0|0|00000000|0|MCG|0|0|00000000|0
275|D|SCHILDT|SWING:BEGINNER'S GUIDE|978007226314|290007226314|978-0-07-226314-5| |MCG|MCG|06| |42.00|New|31.50|Used|.00| |.00| |.00| |.00| | |0|0|.00|00000000|00000000|0|0|.00|00000000|00000000|0|0|.00|00000000|00000000|0|0|T14|Test 2014|0|0|0|10|T| | | |0|0|0|0|0|0|0|0|0|0|0|MCG|0|0|00000000|0|MCG|0|0|00000000|0|MCG|0|0|00000000|0
276|D|HODGES|ANAL.+DESIGN OF DIGITAL INTEG.CIRCUITS|978007228365|290007228365|978-0-07-228365-5| |MCG|MCG|3RD 04|OP|243.55|New|182.65|Used|.00| |.00| |.00| |.00| | |0|0|.00|00000000|00000000|0|0|.00|00000000|00000000|0|0|.00|00000000|00000000|0|0|T14|Test 2014|0|0|0|5|T| | | |0|0|0|0|0|0|0|0|0|0|0|MCG|0|0|00000000|0|MCG|0|0|00000000|0|MCG|0|0|00000000|0
277|D|CHAPMAN|ELECTRIC MACHINERY+POWER SYSTEM FUND.|978007229135|290007229135|978-0-07-229135-3| |MCG|MCG|02| |341.05|New|255.80|Used|.00| |.00| |.00| |.00| | |0|0|.00|00000000|00000000|0|0|.00|00000000|00000000|0|0|.00|00000000|00000000|0|0|T14|Test 2014|0|0|0|5|T| | | |0|0|0|0|0|0|0|0|0|0|0|MCG|0|0|00000000|0|MCG|0|0|00000000|0|MCG|0|0|00000000|0
278|D|WIGG|HANDBOOK OF ARTS+CRAFTS|978007231727|290007231727|978-0-07-231727-5| |MCG|MCG|10TH 01| |160.00|New|120.00|Used|.00| |.00| |.00| |.00| | |0|0|.00|00000000|00000000|0|0|.00|00000000|00000000|0|0|.00|00000000|00000000|0|0|T14|Test 2014|0|0|0|25|T| | | |0|0|0|0|0|0|0|0|0|0|0|MCG|0|0|00000000|0|MCG|0|0|00000000|0|MCG|0|0|00000000|0
279|D|HUNT|MAKING OF WEST:PEOPLES...V.I-TEXT|978031267269|290031267269|978-0-312-67269-0| |MAC HIGHER|BEDFORD BK|4TH 12|OE|138.65|New|103.95|Used|.00| |.00| |.00| |.00| | |0|0|.00|00000000|00000000|0|0|.00|00000000|00000000|0|0|.00|00000000|00000000|0|0|T14|Test 2014|0|0|0|10|T| | | |-1|0|0|0|0|0|1|0|0|0|0|MCG|0|0|00000000|0|MCG|0|0|00000000|0|MCG|0|0|00000000|0
280|D|EDWARDS|DIFF.EQUAT.+BOUND.VAL.PROB.:COMP.+MOD.|978013156107|290013156107|978-0-13-156107-6| |PEARSON|PH|4TH 08|OE|205.00|New|153.75|Used|.00| |.00| |.00| |.00| | |0|0|.00|00000000|00000000|0|0|.00|00000000|00000000|0|0|.00|00000000|00000000|0|0|T14|Test 2014|0|0|0|20|T| | | |0|0|0|0|0|0|0|0|0|0|0|MCG|0|0|00000000|0|MCG|0|0|00000000|0|MCG|0|0|00000000|0
281|D|SINGLETON|FRAUD AUDITING+FORENSIC ACCOUNTING|978047178591|290047178591|978-0-471-78591-0| |WILEY|WILEY|3RD 06|OE|90.15|New|67.60|Used|.00| |.00| |.00| |.00| | |0|0|.00|00000000|00000000|0|0|.00|00000000|00000000|0|0|.00|00000000|00000000|0|0|T14|Test 2014|0|0|0|0|T| | | |-1|0|-1|0|0|0|1|1|0|0|0|MCG|0|0|00000000|0|MCG|0|0|00000000|0|MCG|0|0|00000000|0
282|D|MCGRANE|WATCHING TV IS NOT REQUIRED|978041599487|290041599487|978-0-415-99487-3| |TAYLOR|ROUTLEDGE|09| |42.60|New|31.95|Used|.00| |.00| |.00| |.00| | |0|0|.00|00000000|00000000|0|0|.00|00000000|00000000|0|0|.00|00000000|00000000|0|0|T14|Test 2014|0|0|0|0|T| | | |-2|0|-4|0|0|0|1|0|0|0|0|MCG|0|0|00000000|0|MCG|0|0|00000000|0|MCG|0|0|00000000|0
283|D|SALKIND|STATISTICS F/PEOPLE WHO(THINK THEY)...|978141297959|290141297959|978-1-4129795-9-7| |SAGE|SAGE|4TH 11|OE|78.95|New|59.20|Used|.00| |.00| |.00| |.00| | |0|0|.00|00000000|00000000|0|0|.00|00000000|00000000|0|0|.00|00000000|00000000|0|0|T14|Test 2014|0|0|0|0|T| | | |0|0|0|0|0|0|0|0|0|0|0|MCG|0|0|00000000|0|MCG|0|0|00000000|0|MCG|0|0|00000000|0
284|D|KAY|ACCOUNTING INFORMATION SYSTEMS|978013299132|290013299132|978-0-13-299132-2| |PEARSON|PEARSON|2ND 14| |284.60|New|213.45|Used|.00| |.00| |.00| |.00| | |0|0|.00|00000000|00000000|0|0|.00|00000000|00000000|0|0|.00|00000000|00000000|0|0|T14|Test 2014|0|0|0|10|T| | | |0|0|0|0|0|0|0|0|0|0|0|MCG|0|0|00000000|0|MCG|0|0|00000000|0|MCG|0|0|00000000|0
